レースコード,タイトル,日次,レース日,レース場,レース回,レース名,距離(m),電話投票締切予定,1枠_艇番,1枠_登録番号,1枠_選手名,1枠_年齢,1枠_支部,1枠_体重,1枠_級別,1枠_全国勝率,1枠_全国2連対率,1枠_当地勝率,1枠_当地2連対率,1枠_モーター番号,1枠_モーター2連対率,1枠_ボート番号,1枠_ボート2連対率,1枠_今節成績_1-1,1枠_今節成績_1-2,1枠_今節成績_2-1,1枠_今節成績_2-2,1枠_今節成績_3-1,1枠_今節成績_3-2,1枠_今節成績_4-1,1枠_今節成績_4-2,1枠_今節成績_5-1,1枠_今節成績_5-2,1枠_今節成績_6-1,1枠_今節成績_6-2,1枠_早見,2枠_艇番,2枠_登録番号,2枠_選手名,2枠_年齢,2枠_支部,2枠_体重,2枠_級別,2枠_全国勝率,2枠_全国2連対率,2枠_当地勝率,2枠_当地2連対率,2枠_モーター番号,2枠_モーター2連対率,2枠_ボート番号,2枠_ボート2連対率,2枠_今節成績_1-1,2枠_今節成績_1-2,2枠_今節成績_2-1,2枠_今節成績_2-2,2枠_今節成績_3-1,2枠_今節成績_3-2,2枠_今節成績_4-1,2枠_今節成績_4-2,2枠_今節成績_5-1,2枠_今節成績_5-2,2枠_今節成績_6-1,2枠_今節成績_6-2,2枠_早見,3枠_艇番,3枠_登録番号,3枠_選手名,3枠_年齢,3枠_支部,3枠_体重,3枠_級別,3枠_全国勝率,3枠_全国2連対率,3枠_当地勝率,3枠_当地2連対率,3枠_モーター番号,3枠_モーター2連対率,3枠_ボート番号,3枠_ボート2連対率,3枠_今節成績_1-1,3枠_今節成績_1-2,3枠_今節成績_2-1,3枠_今節成績_2-2,3枠_今節成績_3-1,3枠_今節成績_3-2,3枠_今節成績_4-1,3枠_今節成績_4-2,3枠_今節成績_5-1,3枠_今節成績_5-2,3枠_今節成績_6-1,3枠_今節成績_6-2,3枠_早見,4枠_艇番,4枠_登録番号,4枠_選手名,4枠_年齢,4枠_支部,4枠_体重,4枠_級別,4枠_全国勝率,4枠_全国2連対率,4枠_当地勝率,4枠_当地2連対率,4枠_モーター番号,4枠_モーター2連対率,4枠_ボート番号,4枠_ボート2連対率,4枠_今節成績_1-1,4枠_今節成績_1-2,4枠_今節成績_2-1,4枠_今節成績_2-2,4枠_今節成績_3-1,4枠_今節成績_3-2,4枠_今節成績_4-1,4枠_今節成績_4-2,4枠_今節成績_5-1,4枠_今節成績_5-2,4枠_今節成績_6-1,4枠_今節成績_6-2,4枠_早見,5枠_艇番,5枠_登録番号,5枠_選手名,5枠_年齢,5枠_支部,5枠_体重,5枠_級別,5枠_全国勝率,5枠_全国2連対率,5枠_当地勝率,5枠_当地2連対率,5枠_モーター番号,5枠_モーター2連対率,5枠_ボート番号,5枠_ボート2連対率,5枠_今節成績_1-1,5枠_今節成績_1-2,5枠_今節成績_2-1,5枠_今節成績_2-2,5枠_今節成績_3-1,5枠_今節成績_3-2,5枠_今節成績_4-1,5枠_今節成績_4-2,5枠_今節成績_5-1,5枠_今節成績_5-2,5枠_今節成績_6-1,5枠_今節成績_6-2,5枠_早見,6枠_艇番,6枠_登録番号,6枠_選手名,6枠_年齢,6枠_支部,6枠_体重,6枠_級別,6枠_全国勝率,6枠_全国2連対率,6枠_当地勝率,6枠_当地2連対率,6枠_モーター番号,6枠_モーター2連対率,6枠_ボート番号,6枠_ボート2連対率,6枠_今節成績_1-1,6枠_今節成績_1-2,6枠_今節成績_2-1,6枠_今節成績_2-2,6枠_今節成績_3-1,6枠_今節成績_3-2,6枠_今節成績_4-1,6枠_今節成績_4-2,6枠_今節成績_5-1,6枠_今節成績_5-2,6枠_今節成績_6-1,6枠_今節成績_6-2,6枠_早見
201903142401,Ｇ３オールレディース競走,第1日,2019-03-14,ボートレース大村,1R,予選,1800,15:23,1,3254,柳澤千春,52,香川,47.0,B1,3.88,13.13,3.25,12.5,58,26.67,55,39.49,,,,,,,,,,,,,,2,4354,古川 舞,35,東京,47.0,B1,3.86,18.18,4.18,31.82,71,11.11,16,33.33,6,,,,,,,,,,,,,3,4720,西澤日花,24,長崎,41.0,B2,2.58,2.22,3.02,6.67,22,20.0,62,37.91,8,,,,,,,,,,,,,4,3298,定野久恵,52,静岡,50.0,B2,,,,,75,26.32,76,33.55,,,,,,,,,,,,,,5,3182,久保田美,54,群馬,49.0,B1,4.43,21.11,3.13,6.67,16,45.0,25,31.61,5,,,,,,,,,,,,,6,4874,池田奈津,25,福岡,51.0,B2,3.06,7.55,1.71,,49,18.75,75,34.19,,,,,,,,,,,,,
201903142402,Ｇ３オールレディース競走,第1日,2019-03-14,ボートレース大村,2R,予選,1800,15:53,1,3177,宮本紀美,54,東京,50.0,B1,3.83,12.79,3.47,20.0,19,55.56,38,44.65,,,,,,,,,,,,,,2,4170,西坂香松,36,香川,51.0,B1,3.72,12.82,4.63,22.22,21,42.11,74,48.75,9,,,,,,,,,,,,,3,4744,伊藤玲奈,26,福岡,44.0,B1,3.72,9.86,5.68,32.0,63,11.76,26,33.12,6,,,,,,,,,,,,,4,4088,野田祥子,38,長崎,46.0,B1,4.31,27.14,4.87,28.57,31,11.11,56,49.02,7,,,,,,,,,,,,,5,3932,池田浩美,42,静岡,53.0,B1,4.15,23.61,4.84,26.32,43,12.5,37,33.55,8,,,,,,,,,,,,,6,5030,金子千穂,21,群馬,46.0,B2,1.17,,,,44,44.44,43,42.76,,,,,,,,,,,,,
201903142403,Ｇ３オールレディース競走,第1日,2019-03-14,ボートレース大村,3R,予選,1800,16:24,1,3943,三松直美,40,岡山,59.0,B1,4.22,23.33,4.13,12.5,70,44.44,21,38.46,7,,,,,,,,,,,,,2,4927,関野 文,25,大阪,44.0,B1,5.62,36.94,3.36,8.0,28,35.29,65,31.82,1,0,,,,,,,,,,,,3,4627,藤原菜希,32,東京,48.0,A2,5.89,40.35,6.08,44.44,15,17.65,45,44.03,8,,,,,,,,,,,,,4,3604,武藤綾子,48,福岡,49.0,B1,4.3,22.64,5.33,29.63,20,45.0,13,33.97,9,,,,,,,,,,,,,5,4670,芦村幸香,33,山口,44.0,B2,4.47,23.53,1.57,,54,16.67,39,36.54,,,,,,,,,,,,,,6,3302,谷川里江,51,愛知,46.0,A2,5.96,45.71,8.25,80.0,69,31.58,44,31.85,1,1,,,,,,,,,,,
201903142404,Ｇ３オールレディース競走,第1日,2019-03-14,ボートレース大村,4R,予選,1800,16:55,1,3355,橋谷田佳,50,東京,43.0,B1,4.11,10.91,4.0,,27,38.89,15,32.89,8,,,,,,,,,,,,,2,3900,香川素子,42,滋賀,48.0,A2,5.89,40.74,6.75,43.75,36,36.84,19,35.22,1,1,,,,,,,,,,,,3,3693,栢場優子,47,東京,44.0,B1,4.18,22.39,,,47,7.14,36,37.11,9,,,,,,,,,,,,,4,4240,今井裕梨,35,群馬,45.0,B1,4.31,26.14,6.89,66.67,30,11.76,20,38.82,,,,,,,,,,,,,,5,4938,小芦るり,21,佐賀,51.0,B1,4.76,25.32,2.0,,50,6.25,72,34.18,,,,,,,,,,,,,,6,4443,津田裕絵,32,山口,49.0,A2,5.47,33.85,6.88,58.14,72,31.58,57,37.42,1,2,,,,,,,,,,,
201903142405,Ｇ３オールレディース競走,第1日,2019-03-14,ボートレース大村,5R,予選 進入固定 Ｈ１８０,ｍ電,17:24,1,3175,渡辺千草,55,東京,47.0,A2,5.12,25.0,4.78,22.22,24,23.53,70,34.57,9,,,,,,,,,,,,,2,3280,垣内清美,52,三重,50.0,B1,4.76,25.0,3.22,11.11,65,33.33,14,31.01,,,,,,,,,,,,,,3,3182,久保田美,54,群馬,49.0,B1,4.43,21.11,3.13,6.67,16,45.0,25,31.61,1,,,,,,,,,,,,,4,3618,海野ゆか,45,広島,46.0,A1,6.89,49.21,6.36,40.91,32,47.37,67,32.47,1,2,,,,,,,,,,,,5,4286,平田さや,34,東京,52.0,A2,4.89,33.03,4.69,27.78,35,11.76,31,29.05,1,0,,,,,,,,,,,,6,5052,赤井星璃,23,大阪,53.0,B2,1.11,,,,25,70.59,48,33.33,,,,,,,,,,,,,
201903142406,Ｇ３オールレディース競走,第1日,2019-03-14,ボートレース大村,6R,夜ガチ戦予選,1800,17:53,1,3801,五反田忍,45,大阪,49.0,A2,5.75,42.34,6.27,45.45,51,23.53,41,36.84,1,1,,,,,,,,,,,,2,3483,入船幸子,47,佐賀,43.0,B1,3.63,12.5,6.29,57.14,29,18.75,66,40.25,,,,,,,,,,,,,,3,4450,平高奈菜,31,香川,47.0,B2,5.89,35.23,7.04,51.85,52,,23,33.96,1,2,,,,,,,,,,,,4,3579,中里優子,46,埼玉,48.0,A2,5.63,35.71,6.34,51.43,12,42.86,17,33.55,1,0,,,,,,,,,,,,5,4744,伊藤玲奈,26,福岡,44.0,B1,3.72,9.86,5.68,32.0,63,11.76,26,33.12,2,,,,,,,,,,,,,6,4354,古川 舞,35,東京,47.0,B1,3.86,18.18,4.18,31.82,71,11.11,16,33.33,1,,,,,,,,,,,,
201903142407,Ｇ３オールレディース競走,第1日,2019-03-14,ボートレース大村,7R,夜ドキ戦予選,1800,18:21,1,4758,富樫麗加,29,東京,51.0,A2,5.17,25.56,4.68,15.79,18,16.67,63,34.18,1,1,,,,,,,,,,,,2,4088,野田祥子,38,長崎,46.0,B1,4.31,27.14,4.87,28.57,31,11.11,56,49.02,2,,,,,,,,,,,,,3,3943,三松直美,40,岡山,59.0,B1,4.22,23.33,4.13,12.5,70,44.44,21,38.46,3,,,,,,,,,,,,,4,4936,戸敷晃美,22,福岡,47.0,B1,3.87,12.86,2.18,2.63,56,5.88,46,42.14,,,,,,,,,,,,,,5,4984,森下愛梨,22,静岡,51.0,B2,2.61,4.17,,,57,21.05,58,34.21,,,,,,,,,,,,,,6,4482,守屋美穂,30,岡山,45.0,A1,6.92,52.94,7.2,60.0,53,6.67,50,31.41,1,2,,,,,,,,,,,
201903142408,Ｇ３オールレディース競走,第1日,2019-03-14,ボートレース大村,8R,予選,1800,18:49,1,3932,池田浩美,42,静岡,53.0,B1,4.15,23.61,4.84,26.32,43,12.5,37,33.55,2,,,,,,,,,,,,,2,3355,橋谷田佳,50,東京,43.0,B1,4.11,10.91,4.0,,27,38.89,15,32.89,4,,,,,,,,,,,,,3,3435,寺田千恵,49,岡山,46.0,A1,7.38,56.45,7.25,50.0,26,30.0,11,28.57,1,2,,,,,,,,,,,,4,4627,藤原菜希,32,東京,48.0,A2,5.89,40.35,6.08,44.44,15,17.65,45,44.03,3,,,,,,,,,,,,,5,4313,西村美智,34,香川,49.0,A2,5.52,31.15,5.78,40.74,34,41.18,18,32.28,1,1,,,,,,,,,,,,6,4720,西澤日花,24,長崎,41.0,B2,2.58,2.22,3.02,6.67,22,20.0,62,37.91,1,,,,,,,,,,,,
201903142409,Ｇ３オールレディース競走,第1日,2019-03-14,ボートレース大村,9R,予選,1800,19:17,1,4289,落合直子,34,大阪,47.0,A1,5.35,34.86,5.57,40.82,76,23.53,29,31.61,1,2,,,,,,,,,,,,2,3693,栢場優子,47,東京,44.0,B1,4.18,22.39,,,47,7.14,36,37.11,4,,,,,,,,,,,,,3,3604,武藤綾子,48,福岡,49.0,B1,4.3,22.64,5.33,29.63,20,45.0,13,33.97,3,,,,,,,,,,,,,4,3175,渡辺千草,55,東京,47.0,A2,5.12,25.0,4.78,22.22,24,23.53,70,34.57,5,,,,,,,,,,,,,5,4170,西坂香松,36,香川,51.0,B1,3.72,12.82,4.63,22.22,21,42.11,74,48.75,2,,,,,,,,,,,,,6,4764,小池礼乃,28,福岡,46.0,A2,5.23,31.86,5.38,34.62,60,14.29,24,33.54,,,,,,,,,,,,,
201903142410,Ｇ３オールレディース競走,第1日,2019-03-14,ボートレース大村,10R,予選特賞,1800,19:46,1,4286,平田さや,34,東京,52.0,A2,4.89,33.03,4.69,27.78,35,11.76,31,29.05,5,,,,,,,,,,,,,2,3518,倉田郁美,51,静岡,47.0,A2,5.52,39.25,6.22,50.0,23,27.78,59,37.01,,,,,,,,,,,,,,3,3579,中里優子,46,埼玉,48.0,A2,5.63,35.71,6.34,51.43,12,42.86,17,33.55,6,,,,,,,,,,,,,4,4927,関野 文,25,大阪,44.0,B1,5.62,36.94,3.36,8.0,28,35.29,65,31.82,3,,,,,,,,,,,,,5,3802,森岡真希,45,岡山,46.0,B1,4.88,31.46,4.85,29.63,17,46.67,30,33.97,,,,,,,,,,,,,,6,4804,高田ひか,24,三重,48.0,A2,6.04,42.86,4.29,21.43,14,68.42,54,39.35,,,,,,,,,,,,,
201903142411,Ｇ３オールレディース競走,第1日,2019-03-14,ボートレース大村,11R,予選特選,1800,20:15,1,3900,香川素子,42,滋賀,48.0,A2,5.89,40.74,6.75,43.75,36,36.84,19,35.22,4,,,,,,,,,,,,,2,3302,谷川里江,51,愛知,46.0,A2,5.96,45.71,8.25,80.0,69,31.58,44,31.85,3,,,,,,,,,,,,,3,4758,富樫麗加,29,東京,51.0,A2,5.17,25.56,4.68,15.79,18,16.67,63,34.18,7,,,,,,,,,,,,,4,4065,金田幸子,39,岡山,43.0,B2,5.77,46.15,5.13,33.33,13,38.89,22,33.77,,,,,,,,,,,,,,5,3801,五反田忍,45,大阪,49.0,A2,5.75,42.34,6.27,45.45,51,23.53,41,36.84,6,,,,,,,,,,,,,6,4313,西村美智,34,香川,49.0,A2,5.52,31.15,5.78,40.74,34,41.18,18,32.28,8,,,,,,,,,,,,
201903142412,Ｇ３オールレディース競走,第1日,2019-03-14,ボートレース大村,12R,ドリームレー,1800,20:44,1,3435,寺田千恵,49,岡山,46.0,A1,7.38,56.45,7.25,50.0,26,30.0,11,28.57,8,,,,,,,,,,,,,2,4289,落合直子,34,大阪,47.0,A1,5.35,34.86,5.57,40.82,76,23.53,29,31.61,9,,,,,,,,,,,,,3,3618,海野ゆか,45,広島,46.0,A1,6.89,49.21,6.36,40.91,32,47.37,67,32.47,5,,,,,,,,,,,,,4,4443,津田裕絵,32,山口,49.0,A2,5.47,33.85,6.88,58.14,72,31.58,57,37.42,4,,,,,,,,,,,,,5,4482,守屋美穂,30,岡山,45.0,A1,6.92,52.94,7.2,60.0,53,6.67,50,31.41,7,,,,,,,,,,,,,6,4450,平高奈菜,31,香川,47.0,B2,5.89,35.23,7.04,51.85,52,,23,33.96,6,,,,,,,,,,,,
201903142201,Ｇ３第１４回アサヒビールカップ,第5日,2019-03-14,ボートレース芦屋,1R,一般,1800,08:52,1,3908,重成一人,40,香川,56.0,A1,6.75,44.44,6.22,38.89,9,38.01,68,35.12,1,4,2,1,3,,5,1,,,,,11,2,4568,廣瀬真也,31,東京,50.0,B1,5.63,37.08,5.59,29.63,63,34.12,63,35.19,6,6,3,,,,4,,,,,,56,3,3950,石川哲秀,42,大阪,54.0,B1,5.42,36.62,4.21,15.79,42,46.88,53,40.93,1,,,,,,5,5,4,,,,26,4,4272,大場広孝,36,福岡,57.0,B1,5.93,38.38,4.89,26.19,7,43.72,26,28.92,5,1,6,,,,6,,,,,,46,5,4128,川口貴久,39,東京,57.0,B1,5.54,34.82,6.26,52.63,59,31.95,51,34.98,5,2,4,,,,6,4,1,,,,8,6,4062,後藤陽介,39,愛知,57.0,B1,4.78,31.52,5.65,43.48,45,43.16,34,36.45,5,,,,,,6,2,5,,,,65
201903142202,Ｇ３第１４回アサヒビールカップ,第5日,2019-03-14,ボートレース芦屋,2R,一般,1800,09:21,1,3988,古川誠之,40,愛知,55.0,A2,6.25,49.45,6.52,51.72,40,32.56,15,35.89,5,,,,,,4,1,1,3,2,2,12,2,3566,川添英正,48,福岡,50.0,B1,6.37,48.6,5.44,31.03,25,35.14,25,29.67,2,1,4,,,,2,6,5,2,,,11,3,3346,宮本裕之,52,兵庫,51.0,B1,5.16,31.63,5.5,37.5,54,34.16,14,36.36,4,2,2,,,,5,5,2,,,,6,4,4477,篠崎仁志,31,福岡,54.0,A1,7.03,41.09,7.79,62.11,6,38.54,19,27.62,1,3,2,3,2,,1,1,,,,,10,5,3860,松本浩貴,45,埼玉,50.0,B1,4.89,22.11,5.0,29.41,35,36.26,29,40.65,2,,,,,,2,6,5,4,5,,7,6,3925,大田 誠,43,山口,51.0,B1,4.84,27.59,3.48,11.11,14,42.86,56,30.73,6,,,,,,1,2,3,6,4,6,
201903142203,Ｇ３第１４回アサヒビールカップ,第5日,2019-03-14,ボートレース芦屋,3R,一般,1800,09:50,1,4025,山本隆幸,41,兵庫,52.0,A1,6.58,44.93,7.0,60.0,22,39.78,52,31.88,2,6,1,,,,5,2,1,5,,,11,2,4872,山下流心,25,広島,55.0,B1,5.29,32.58,3.65,11.54,51,28.77,58,30.41,6,,,,,,2,6,4,,,,15,3,3415,松井 繁,49,大阪,50.0,A1,7.47,50.94,8.32,63.16,24,28.49,50,31.31,2,1,3,,,,1,1,2,3,,,12,4,3151,落合敬一,54,長崎,57.0,B1,5.0,30.63,5.82,42.11,55,29.27,23,34.11,4,,,,,,6,4,3,2,4,,7,5,3872,岡田憲行,42,大阪,52.0,A1,7.22,59.09,5.18,36.36,44,43.09,71,30.5,3,,,,,,5,3,2,2,1,2,10,6,4521,小池公生,31,福岡,51.0,B1,6.16,38.38,5.35,35.09,46,30.95,24,36.57,6,5,3,,,,2,1,3,6,,,
201903142204,Ｇ３第１４回アサヒビールカップ,第5日,2019-03-14,ボートレース芦屋,4R,一般 進入固定 Ｈ１８０,ｍ電,10:19,1,3422,服部幸男,48,静岡,55.0,A1,6.82,52.38,7.77,69.23,12,36.21,27,37.81,4,5,1,5,4,,1,1,,,,,,2,3757,畑 和宏,47,広島,51.0,B1,5.89,40.37,5.78,38.0,38,43.09,46,32.0,3,4,4,,,,4,1,1,,,,10,3,3439,大平誉史,49,大阪,50.0,A2,6.42,44.12,6.38,55.17,49,38.32,40,35.32,4,3,1,,,,1,5,2,5,,,12,4,3022,西山昇一,58,愛知,52.0,A1,6.52,46.72,6.47,48.84,27,36.63,65,35.61,1,,,,,,6,5,5,3,3,2,8,5,4076,杉田篤光,40,静岡,52.0,A2,6.26,43.07,6.68,51.61,56,30.28,28,34.86,3,4,3,5,1,,3,4,,,,,9,6,4425,大井清貴,33,山口,51.0,B1,4.84,28.89,4.5,22.22,34,37.99,47,38.16,3,4,6,,,,5,,,,,,S4
201903142205,Ｇ３第１４回アサヒビールカップ,第5日,2019-03-14,ボートレース芦屋,5R,一般,1800,10:48,1,3462,竹上真司,51,岡山,50.0,A2,5.54,37.8,5.96,44.0,65,31.54,39,34.8,1,5,4,3,3,,3,4,,,,,10,2,3719,辻 栄蔵,43,広島,51.0,A1,7.78,60.95,8.16,73.68,48,34.12,16,34.16,5,2,1,1,1,,1,1,,,,,,3,4139,丹下 健,38,愛知,55.0,B1,4.74,29.09,5.25,32.14,23,29.51,67,40.19,2,6,6,,,,6,4,6,,,,,4,4568,廣瀬真也,31,東京,50.0,B1,5.63,37.08,5.59,29.63,63,34.12,63,35.19,6,6,3,,,,4,,,,,,56,5,4562,阪本勇介,31,岡山,54.0,B1,4.77,27.93,4.67,28.26,50,29.8,75,35.58,4,,,,,,4,3,5,5,6,,9,6,3805,高橋英之,44,東京,52.0,A1,6.16,43.56,6.53,47.06,2,37.57,36,28.06,2,2,1,2,6,,1,3,,,,,12
201903142206,Ｇ３第１４回アサヒビールカップ,第5日,2019-03-14,ボートレース芦屋,6R,一般,1800,11:18,1,3346,宮本裕之,52,兵庫,51.0,B1,5.16,31.63,5.5,37.5,54,34.16,14,36.36,4,2,2,,,,5,5,2,,,,2,2,4352,下條雄太,32,長崎,53.0,A2,6.39,45.3,7.56,66.67,1,34.43,30,29.81,3,5,4,1,2,,1,0,,,,,,3,4062,後藤陽介,39,愛知,57.0,B1,4.78,31.52,5.65,43.48,45,43.16,34,36.45,5,,,,,,6,2,5,,,,65,4,4263,武重雄介,34,山口,56.0,A1,6.13,39.8,6.21,48.28,18,37.87,60,46.23,2,1,5,3,1,,1,2,,,,,,5,4122,安東幸治,37,福岡,54.0,A2,5.82,39.69,5.4,34.48,17,35.8,69,40.1,5,1,3,,,,3,3,3,5,,,9,6,3804,中渡修作,44,福岡,51.0,B1,5.66,39.22,5.04,25.56,43,41.67,35,35.64,4,2,4,,,,4,2,4,4,,,
201903142207,Ｇ３第１４回アサヒビールカップ,第5日,2019-03-14,ボートレース芦屋,7R,一般 進入固定 Ｈ１８０,ｍ電,11:49,1,3950,石川哲秀,42,大阪,54.0,B1,5.42,36.62,4.21,15.79,42,46.88,53,40.93,1,,,,,,5,5,4,,,,26,2,3796,長野道臣,45,静岡,55.0,B1,5.03,32.67,4.7,16.22,30,34.83,37,31.46,5,,,,,,4,1,3,4,1,,10,3,3860,松本浩貴,45,埼玉,50.0,B1,4.89,22.11,5.0,29.41,35,36.26,29,40.65,2,,,,,,2,6,5,4,5,,2,4,4666,日笠勝弘,35,大阪,52.0,B1,4.29,22.22,4.36,21.43,61,39.77,57,34.6,5,,,,,,5,5,3,,,,42,5,3151,落合敬一,54,長崎,57.0,B1,5.0,30.63,5.82,42.11,55,29.27,23,34.11,4,,,,,,6,4,3,2,4,,3,6,4151,下河誉史,36,福岡,55.0,B1,5.76,35.19,4.75,25.0,4,31.58,18,29.38,6,,,,,,3,2,1,6,5,3,
201903142208,Ｇ３第１４回アサヒビールカップ,第5日,2019-03-14,ボートレース芦屋,8R,一般,1800,12:21,1,4138,中井俊祐,38,大阪,50.0,A2,5.63,36.67,5.62,44.44,21,32.95,44,43.48,4,3,3,4,3,,1,2,,,,,,2,4128,川口貴久,39,東京,57.0,B1,5.54,34.82,6.26,52.63,59,31.95,51,34.98,5,2,4,,,,6,4,1,,,,1,3,4700,金子和之,31,埼玉,52.0,B1,4.9,27.12,4.15,18.52,60,24.84,41,40.2,6,,,,,,6,4,6,,,,36,4,3981,今坂晃広,41,静岡,56.0,A2,5.13,33.06,5.39,43.48,32,41.71,72,31.68,1,,,,,,2,6,6,4,4,2,,5,4342,谷野錬志,34,静岡,53.0,A1,6.47,48.46,6.23,48.39,13,36.07,74,42.44,1,,,,,,5,2,4,5,2,3,11,6,3022,西山昇一,58,愛知,52.0,A1,6.52,46.72,6.47,48.84,27,36.63,65,35.61,1,,,,,,6,5,5,3,3,2,4
201903142209,Ｇ３第１４回アサヒビールカップ,第5日,2019-03-14,ボートレース芦屋,9R,一般,1800,12:53,1,4122,安東幸治,37,福岡,54.0,A2,5.82,39.69,5.4,34.48,17,35.8,69,40.1,5,1,3,,,,3,3,3,5,,,6,2,4562,阪本勇介,31,岡山,54.0,B1,4.77,27.93,4.67,28.26,50,29.8,75,35.58,4,,,,,,4,3,5,5,6,,5,3,4872,山下流心,25,広島,55.0,B1,5.29,32.58,3.65,11.54,51,28.77,58,30.41,6,,,,,,2,6,4,,,,15,4,4580,長谷川雅,29,岡山,52.0,A2,5.54,38.36,4.92,30.0,29,34.25,21,38.03,3,6,6,,,,2,6,3,5,,,,5,4272,大場広孝,36,福岡,57.0,B1,5.93,38.38,4.89,26.19,7,43.72,26,28.92,5,1,6,,,,6,,,,,,46,6,4076,杉田篤光,40,静岡,52.0,A2,6.26,43.07,6.68,51.61,56,30.28,28,34.86,3,4,3,5,1,,3,4,,,,,4
201903142210,Ｇ３第１４回アサヒビールカップ,第5日,2019-03-14,ボートレース芦屋,10R,準優勝戦,1800,13:29,1,4477,篠崎仁志,31,福岡,54.0,A1,7.03,41.09,7.79,62.11,6,38.54,19,27.62,1,3,2,3,2,,1,1,,,,,2,2,3872,岡田憲行,42,大阪,52.0,A1,7.22,59.09,5.18,36.36,44,43.09,71,30.5,3,,,,,,5,3,2,2,1,2,3,3,4352,下條雄太,32,長崎,53.0,A2,6.39,45.3,7.56,66.67,1,34.43,30,29.81,3,5,4,1,2,,6,,,,,,,4,3757,畑 和宏,47,広島,51.0,B1,5.89,40.37,5.78,38.0,38,43.09,46,32.0,3,4,4,,,,4,1,1,,,,4,5,3796,長野道臣,45,静岡,55.0,B1,5.03,32.67,4.7,16.22,30,34.83,37,31.46,5,,,,,,4,1,3,4,1,,7,6,3462,竹上真司,51,岡山,50.0,A2,5.54,37.8,5.96,44.0,65,31.54,39,34.8,1,5,4,3,3,,3,4,,,,,5
201903142211,Ｇ３第１４回アサヒビールカップ,第5日,2019-03-14,ボートレース芦屋,11R,準優勝戦,1800,14:06,1,3719,辻 栄蔵,43,広島,51.0,A1,7.78,60.95,8.16,73.68,48,34.12,16,34.16,5,2,1,1,1,,5,,,,,,,2,3908,重成一人,40,香川,56.0,A1,6.75,44.44,6.22,38.89,9,38.01,68,35.12,1,4,2,1,3,,5,1,,,,,1,3,3422,服部幸男,48,静岡,55.0,A1,6.82,52.38,7.77,69.23,12,36.21,27,37.81,4,5,1,5,4,,4,,,,,,,4,4025,山本隆幸,41,兵庫,52.0,A1,6.58,44.93,7.0,60.0,22,39.78,52,31.88,2,6,1,,,,5,2,1,5,,,3,5,3566,川添英正,48,福岡,50.0,B1,6.37,48.6,5.44,31.03,25,35.14,25,29.67,2,1,4,,,,2,6,5,2,,,2,6,4342,谷野錬志,34,静岡,53.0,A1,6.47,48.46,6.23,48.39,13,36.07,74,42.44,1,,,,,,5,2,4,5,2,3,8
201903142212,Ｇ３第１４回アサヒビールカップ,第5日,2019-03-14,ボートレース芦屋,12R,準優勝戦,1800,14:45,1,3415,松井 繁,49,大阪,50.0,A1,7.47,50.94,8.32,63.16,24,28.49,50,31.31,2,1,3,,,,1,1,2,3,,,3,2,3805,高橋英之,44,東京,52.0,A1,6.16,43.56,6.53,47.06,2,37.57,36,28.06,2,2,1,2,6,,1,3,,,,,5,3,3988,古川誠之,40,愛知,55.0,A2,6.25,49.45,6.52,51.72,40,32.56,15,35.89,5,,,,,,4,1,1,3,2,2,2,4,3439,大平誉史,49,大阪,50.0,A2,6.42,44.12,6.38,55.17,49,38.32,40,35.32,4,3,1,,,,1,5,2,5,,,4,5,4263,武重雄介,34,山口,56.0,A1,6.13,39.8,6.21,48.28,18,37.87,60,46.23,2,1,5,3,1,,6,,,,,,,6,4138,中井俊祐,38,大阪,50.0,A2,5.63,36.67,5.62,44.44,21,32.95,44,43.48,4,3,3,4,3,,8,,,,,,
201903141801,１Ｒ  ファーストＢ          Ｈ１８００ｍ  電話投票締切予定１０：３１,第3日,2019-03-14,ボートレース宮島,1R,ファーストＢ,1800,10:31,1,3441,土屋太朗,49,群馬,56.0,A2,5.37,37.14,5.97,40.0,31,34.91,68,23.36,2,2,4,,,,7,,,,,,,2,4683,向井田直,28,広島,47.0,B1,4.12,25.0,5.15,31.15,46,39.45,20,25.69,4,,,,,,5,5,,,,,6,3,3536,一色雅昭,52,愛知,56.0,B1,4.73,26.97,4.32,36.0,26,27.97,33,36.46,4,,,,,,1,4,,,,,5,4,4417,服部 剛,32,静岡,52.0,B1,4.6,23.33,5.0,30.0,32,42.74,70,39.84,4,6,2,,,,,,,,,,,5,3970,亀山高雅,42,群馬,54.0,B1,4.89,29.25,4.46,25.0,66,29.66,30,38.33,4,3,3,,,,6,,,,,,,6,3305,小野信樹,51,岡山,55.0,B1,3.84,20.93,4.59,29.31,59,46.15,27,31.53,6,1,4,,,,8,,,,,,
201903141802,１Ｒ  ファーストＢ          Ｈ１８００ｍ  電話投票締切予定１０：３１,第3日,2019-03-14,ボートレース宮島,2R,予選,1800,10:58,1,4316,山口裕太,34,広島,53.0,B1,5.3,33.33,5.74,41.41,13,34.48,40,36.89,2,1,2,,,,1,0,,,,,,2,3066,田中定雄,59,埼玉,53.0,B1,4.56,22.33,3.81,16.28,42,26.0,15,42.2,3,6,6,,,,7,,,,,,,3,4793,金子 萌,28,静岡,51.0,B1,5.09,30.23,4.0,25.0,72,30.58,59,35.04,4,,,,,,4,2,,,,,11,4,4954,内山峻輔,24,東京,55.0,B1,2.68,4.84,,,63,38.02,22,28.69,6,,,,,,,,,,,,8,5,5001,坂本雅佳,24,岡山,61.0,B2,1.54,,1.81,,48,30.0,11,37.1,6,,,,,,6,,,,,,9,6,4840,鈴木秀茉,27,静岡,51.0,B2,3.16,11.76,,,60,44.54,69,43.33,4,,,,,,6,,,,,,6
201903141803,１Ｒ  ファーストＢ          Ｈ１８００ｍ  電話投票締切予定１０：３１,第3日,2019-03-14,ボートレース宮島,3R,予選,1800,11:26,1,3236,田上晋六,56,東京,51.0,B1,4.29,25.49,3.86,21.43,44,36.72,48,29.59,5,3,1,,,,1,1,,,,,,2,4109,谷津幸宏,38,埼玉,54.0,A1,6.82,48.8,6.75,45.83,40,32.56,21,35.29,4,4,6,,,,9,,,,,,,3,4471,新田泰章,31,広島,52.0,A1,6.11,41.67,6.46,48.34,29,44.44,43,38.05,1,1,3,,,,8,,,,,,,4,4824,松井洪弥,26,三重,52.0,A2,5.66,36.97,,,47,38.39,56,33.33,2,,,,,,5,2,,,,,10,5,4285,伴 将典,34,愛知,62.0,B1,4.7,29.03,4.18,14.29,18,25.49,13,37.01,1,6,3,,,,7,,,,,,,6,3787,天野 誠,47,岡山,53.0,B1,5.34,34.25,4.58,26.32,57,26.04,12,40.18,1,,,,,,3,5,,,,,
201903141804,１Ｒ  ファーストＢ          Ｈ１８００ｍ  電話投票締切予定１０：３１,第3日,2019-03-14,ボートレース宮島,4R,予選,1800,11:55,1,3945,橋口真樹,43,愛知,51.0,B1,4.22,16.44,3.0,9.09,37,36.79,17,28.95,5,3,3,,,,9,,,,,,,2,3952,中澤和志,42,埼玉,54.0,A1,7.18,59.17,6.38,57.14,35,27.0,67,30.7,4,,,,,,2,4,,,,,10,3,3227,長岡茂一,53,東京,53.0,A2,5.49,39.25,5.68,38.24,27,49.12,51,44.34,1,3,2,,,,1,1,,,,,,4,4971,秦 直也,27,岡山,53.0,B2,1.94,2.78,1.1,,41,27.36,58,29.81,5,,,,,,4,5,,,,,,5,3866,木山誠一,43,岡山,56.0,B1,5.22,25.37,4.07,14.29,69,31.87,26,32.46,4,3,6,,,,,,,,,,,6,4466,南 佑典,32,三重,51.0,A1,6.16,38.14,5.3,22.22,50,45.22,65,39.67,2,,,,,,1,5,,,,,8
201903141805,１Ｒ  ファーストＢ          Ｈ１８００ｍ  電話投票締切予定１０：３１,第3日,2019-03-14,ボートレース宮島,5R,ランチタイム,1800,12:26,1,4344,新田雄史,34,三重,54.0,A1,7.44,51.46,6.48,29.63,67,48.25,19,39.5,5,,,,,,1,2,,,,,12,2,3875,廣中良一,42,山口,51.0,B1,4.39,27.06,4.69,37.5,21,37.39,64,24.75,3,5,4,,,,,,,,,,,3,3584,佐々木英,46,広島,52.0,A2,5.41,34.97,5.67,39.42,39,17.58,47,40.5,1,,,,,,4,2,,,,,9,4,4407,鹿島敏弘,33,群馬,57.0,B1,4.71,25.45,5.07,31.03,65,33.62,41,37.29,2,5,5,,,,,,,,,,,5,3020,若女井正,59,東京,51.0,B1,3.82,15.28,4.86,28.57,11,34.51,57,34.58,6,,,,,,2,,,,,,,6,3536,一色雅昭,52,愛知,56.0,B1,4.73,26.97,4.32,36.0,26,27.97,33,36.46,4,,,,,,1,4,,,,,1
201903141806,１Ｒ  ファーストＢ          Ｈ１８００ｍ  電話投票締切予定１０：３１,第3日,2019-03-14,ボートレース宮島,6R,予選,1800,12:56,1,3970,亀山高雅,42,群馬,54.0,B1,4.89,29.25,4.46,25.0,66,29.66,30,38.33,4,3,3,,,,1,,,,,,,2,4064,原田篤志,39,山口,50.0,A1,7.21,53.91,,,25,27.27,36,33.33,3,5,3,,,,1,1,,,,,,3,4840,鈴木秀茉,27,静岡,51.0,B2,3.16,11.76,,,60,44.54,69,43.33,4,,,,,,6,,,,,,2,4,3563,堤 昇,49,静岡,52.0,A2,5.95,40.44,6.36,42.55,28,13.51,39,25.77,5,6,3,,,,,,,,,,,5,4075,中野次郎,37,東京,53.0,A1,7.27,43.61,7.16,52.63,55,43.75,16,21.98,2,6,2,1,,,1,0,,,,,,6,4683,向井田直,28,広島,47.0,B1,4.12,25.0,5.15,31.15,46,39.45,20,25.69,4,,,,,,5,5,,,,,1
201903141807,１Ｒ  ファーストＢ          Ｈ１８００ｍ  電話投票締切予定１０：３１,第3日,2019-03-14,ボートレース宮島,7R,予選,1800,13:27,1,4285,伴 将典,34,愛知,62.0,B1,4.7,29.03,4.18,14.29,18,25.49,13,37.01,1,6,3,,,,3,,,,,,,2,3920,正木聖賢,44,広島,52.0,A1,6.81,52.68,7.06,57.05,33,34.96,34,39.84,1,2,,,,,1,1,,,,,,3,3066,田中定雄,59,埼玉,53.0,B1,4.56,22.33,3.81,16.28,42,26.0,15,42.2,3,6,6,,,,2,,,,,,,4,3797,岩井 繁,45,広島,61.0,B1,4.27,21.88,4.83,28.57,68,18.09,29,30.09,6,,,,,,4,,,,,,,5,3441,土屋太朗,49,群馬,56.0,A2,5.37,37.14,5.97,40.0,31,34.91,68,23.36,2,2,4,,,,1,,,,,,,6,3813,佐藤大介,43,愛知,53.0,A1,6.34,41.38,6.57,46.43,16,39.82,24,23.42,2,2,1,6,,,,,,,,,
201903141808,１Ｒ  ファーストＢ          Ｈ１８００ｍ  電話投票締切予定１０：３１,第3日,2019-03-14,ボートレース宮島,8R,予選,1800,13:58,1,4570,前田聖文,30,愛知,55.0,A2,5.29,29.49,6.57,42.86,70,26.42,66,36.61,5,,,,,,3,6,,,,,12,2,3863,海老澤泰,44,東京,57.0,B1,5.47,37.84,3.14,,34,21.84,28,27.83,3,,,,,,6,5,,,,,,3,4954,内山峻輔,24,東京,55.0,B1,2.68,4.84,,,63,38.02,22,28.69,6,,,,,,,,,,,,2,4,3305,小野信樹,51,岡山,55.0,B1,3.84,20.93,4.59,29.31,59,46.15,27,31.53,6,1,4,,,,1,,,,,,,5,4466,南 佑典,32,三重,51.0,A1,6.16,38.14,5.3,22.22,50,45.22,65,39.67,2,,,,,,1,5,,,,,4,6,4471,新田泰章,31,広島,52.0,A1,6.11,41.67,6.46,48.34,29,44.44,43,38.05,1,1,3,,,,3,,,,,,
201903141809,１Ｒ  ファーストＢ          Ｈ１８００ｍ  電話投票締切予定１０：３１,第3日,2019-03-14,ボートレース宮島,9R,ティータイム 進入固定 Ｈ１８０,ｍ電,14:29,1,3584,佐々木英,46,広島,52.0,A2,5.41,34.97,5.67,39.42,39,17.58,47,40.5,1,,,,,,4,2,,,,,5,2,2014,高塚清一,72,静岡,54.0,B1,4.64,21.98,3.67,,62,28.81,37,34.13,4,5,6,,,,,,,,,,,3,4109,谷津幸宏,38,埼玉,54.0,A1,6.82,48.8,6.75,45.83,40,32.56,21,35.29,4,4,6,,,,3,,,,,,,4,3945,橋口真樹,43,愛知,51.0,B1,4.22,16.44,3.0,9.09,37,36.79,17,28.95,5,3,3,,,,4,,,,,,,5,4883,岡部大輝,23,東京,52.0,B1,4.89,30.67,1.88,,71,31.03,53,24.74,5,,,,,,5,4,,,,,,6,5001,坂本雅佳,24,岡山,61.0,B2,1.54,,1.81,,48,30.0,11,37.1,6,,,,,,6,,,,,,2
201903141810,１Ｒ  ファーストＢ          Ｈ１８００ｍ  電話投票締切予定１０：３１,第3日,2019-03-14,ボートレース宮島,10R,特賞,1800,15:02,1,4075,中野次郎,37,東京,53.0,A1,7.27,43.61,7.16,52.63,55,43.75,16,21.98,2,6,2,1,,,6,,,,,,,2,4824,松井洪弥,26,三重,52.0,A2,5.66,36.97,,,47,38.39,56,33.33,2,,,,,,5,2,,,,,3,3,4316,山口裕太,34,広島,53.0,B1,5.3,33.33,5.74,41.41,13,34.48,40,36.89,2,1,2,,,,2,,,,,,,4,4630,岩永雅人,32,愛知,52.0,B1,5.86,38.46,4.58,10.53,36,30.4,71,29.09,1,,,,,,6,3,,,,,,5,4239,竹田辰也,35,山口,53.0,A2,5.8,35.85,7.44,55.56,23,32.17,62,29.73,3,,,,,,1,1,,,,,,6,3952,中澤和志,42,埼玉,54.0,A1,7.18,59.17,6.38,57.14,35,27.0,67,30.7,4,,,,,,2,4,,,,,4
201903141811,１Ｒ  ファーストＢ          Ｈ１８００ｍ  電話投票締切予定１０：３１,第3日,2019-03-14,ボートレース宮島,11R,特選,1800,15:37,1,4064,原田篤志,39,山口,50.0,A1,7.21,53.91,,,25,27.27,36,33.33,3,5,3,,,,6,,,,,,,2,4793,金子 萌,28,静岡,51.0,B1,5.09,30.23,4.0,25.0,72,30.58,59,35.04,4,,,,,,4,2,,,,,2,3,3920,正木聖賢,44,広島,52.0,A1,6.81,52.68,7.06,57.05,33,34.96,34,39.84,1,2,,,,,7,,,,,,,4,3227,長岡茂一,53,東京,53.0,A2,5.49,39.25,5.68,38.24,27,49.12,51,44.34,1,3,2,,,,4,,,,,,,5,3236,田上晋六,56,東京,51.0,B1,4.29,25.49,3.86,21.43,44,36.72,48,29.59,5,3,1,,,,3,,,,,,,6,4033,伊藤将吉,40,静岡,52.0,A1,7.03,56.0,7.06,52.94,58,31.03,61,33.88,2,2,3,1,,,,,,,,,
201903141812,１Ｒ  ファーストＢ          Ｈ１８００ｍ  電話投票締切予定１０：３１,第3日,2019-03-14,ボートレース宮島,12R,モンタ特選,1800,16:14,1,4108,吉村正明,39,山口,49.0,A1,6.94,50.0,6.25,50.0,30,29.91,63,41.9,3,3,1,1,,,,,,,,,,2,3233,小畑実成,52,岡山,52.0,A2,6.38,47.79,7.1,53.33,19,33.06,52,25.66,1,,,,,,2,3,,,,,,3,4505,島田賢人,30,埼玉,56.0,A2,5.95,43.41,6.15,43.9,12,50.41,46,35.96,4,,,,,,6,4,,,,,,4,4344,新田雄史,34,三重,54.0,A1,7.44,51.46,6.48,29.63,67,48.25,19,39.5,5,,,,,,1,2,,,,,5,5,4570,前田聖文,30,愛知,55.0,A2,5.29,29.49,6.57,42.86,70,26.42,66,36.61,5,,,,,,3,6,,,,,8,6,3740,大澤普司,44,群馬,54.0,A2,6.07,43.65,6.43,48.57,17,25.93,49,40.17,1,,,,,,1,5,,,,,
201903141701,備南競艇事業組合４３周年記念競走,第1日,2019-03-14,ボートレース児島,1R,朝得ガァ〜コ,1800,10:27,1,4732,堀本和也,29,徳島,54.0,A2,6.02,42.75,5.63,39.47,72,38.3,29,,1,1,,,,,,,,,,,,2,3600,玄馬 徹,48,岡山,51.0,B1,4.2,21.95,4.85,29.79,67,36.36,61,,1,0,,,,,,,,,,,,3,4325,新出浩司,35,大阪,52.0,B1,4.57,23.53,4.63,15.79,25,35.85,40,28.57,6,,,,,,,,,,,,,4,3202,三品隆浩,53,東京,54.0,B1,5.37,35.71,3.44,11.11,24,26.53,13,33.33,7,,,,,,,,,,,,,5,4432,黄金井力,33,埼玉,57.0,B1,4.78,20.21,4.37,23.68,63,31.91,51,,8,,,,,,,,,,,,,6,5043,中村日向,20,香川,59.0,B2,1.22,2.17,,,55,35.56,18,22.22,,,,,,,,,,,,,
201903141702,備南競艇事業組合４３周年記念競走,第1日,2019-03-14,ボートレース児島,2R,予選,1800,10:55,1,3561,池田真治,50,岡山,54.0,B1,4.23,22.58,4.39,22.97,57,23.08,53,22.22,9,,,,,,,,,,,,,2,3883,山根大樹,45,広島,57.0,B1,3.84,14.67,3.82,18.42,11,41.3,55,33.33,6,,,,,,,,,,,,,3,4639,雑賀勇貴,28,大阪,54.0,B1,4.68,25.0,3.24,16.0,60,36.17,69,,1,1,,,,,,,,,,,,4,4697,國弘翔平,32,福岡,48.0,B1,3.92,15.66,3.74,18.52,29,31.71,73,,1,0,,,,,,,,,,,,5,4421,森作広大,30,東京,54.0,B1,4.42,22.68,2.33,,33,26.09,31,22.22,8,,,,,,,,,,,,,6,3982,福田 理,41,岡山,57.0,B1,4.63,28.0,4.67,25.0,31,36.96,43,50.0,,,,,,,,,,,,,
201903141703,備南競艇事業組合４３周年記念競走,第1日,2019-03-14,ボートレース児島,3R,予選,1800,11:23,1,3930,岸本 隆,43,岡山,56.0,B1,5.36,34.67,6.15,48.28,46,29.79,33,44.44,7,,,,,,,,,,,,,2,4107,吉村茂樹,39,群馬,62.0,B1,4.53,20.55,4.16,10.53,43,33.33,34,11.11,,,,,,,,,,,,,,3,3246,星野政彦,54,兵庫,54.0,A2,5.17,28.95,4.63,26.32,27,20.83,28,25.0,9,,,,,,,,,,,,,4,4800,小寺拳人,25,福井,55.0,B2,3.49,13.73,3.06,,61,42.0,46,25.0,,,,,,,,,,,,,,5,3736,岡本 猛,45,大阪,52.0,A1,6.04,41.79,6.45,50.0,48,40.0,54,33.33,1,0,,,,,,,,,,,,6,4277,金田大輔,35,岡山,50.0,A2,4.9,34.78,3.81,18.92,20,31.25,60,44.44,1,1,,,,,,,,,,,
201903141704,備南競艇事業組合４３周年記念競走,第1日,2019-03-14,ボートレース児島,4R,予選,1800,11:51,1,3912,川原正明,45,福井,51.0,B1,6.01,41.18,5.5,31.82,26,41.67,41,50.0,1,1,,,,,,,,,,,,2,3711,江本真治,44,山口,55.0,A2,5.35,31.03,5.9,47.62,22,30.19,44,22.22,1,0,,,,,,,,,,,,3,3006,上條信一,61,大阪,55.0,B1,4.31,20.27,3.85,18.52,39,26.83,72,,,,,,,,,,,,,,,4,4461,安田吉宏,32,三重,58.0,B1,4.66,23.26,,,15,18.92,58,50.0,,,,,,,,,,,,,,5,4302,西野翔太,35,広島,52.0,A2,6.34,46.94,6.26,48.39,44,12.82,68,,8,,,,,,,,,,,,,6,3541,三嶌誠司,50,香川,53.0,A1,6.49,48.7,5.55,36.36,16,27.91,21,37.5,1,2,,,,,,,,,,,
201903141705,備南競艇事業組合４３周年記念競走,第1日,2019-03-14,ボートレース児島,5R,日替艇食戦,1800,12:21,1,4210,松村康太,35,福井,50.0,B1,5.57,34.78,4.68,20.0,68,34.69,35,44.44,9,,,,,,,,,,,,,2,4031,飯島 誠,40,埼玉,54.0,B1,4.14,20.88,2.88,,58,15.91,45,11.11,,,,,,,,,,,,,,3,4762,藤原啓史,29,岡山,51.0,A2,6.5,50.41,5.51,38.7,71,13.51,56,55.56,,,,,,,,,,,,,,4,4583,古田祐貴,29,香川,51.0,A2,5.62,33.08,5.31,31.03,35,20.0,30,37.5,1,0,,,,,,,,,,,,5,4799,大山大我,25,大阪,50.0,B2,3.3,11.36,4.13,25.0,14,29.79,14,50.0,,,,,,,,,,,,,,6,3484,芝田浩治,47,兵庫,54.0,A1,6.95,54.55,6.94,44.44,54,40.43,62,12.5,1,2,,,,,,,,,,,
201903141706,備南競艇事業組合４３周年記念競走,第1日,2019-03-14,ボートレース児島,6R,昼得クラリス,1800,12:52,1,3251,平石和男,52,埼玉,50.0,A1,6.44,44.44,5.33,44.44,21,31.37,38,62.5,1,2,,,,,,,,,,,,2,4847,佐藤隆太,24,東京,52.0,A2,5.99,47.66,4.86,23.81,69,29.17,64,50.0,1,0,,,,,,,,,,,,3,4133,高橋正男,38,兵庫,53.0,A1,6.8,58.54,6.39,42.86,17,24.44,67,,1,1,,,,,,,,,,,,4,4463,三苫晃幸,32,福岡,54.0,B1,5.33,34.07,4.69,24.14,38,19.05,36,,,,,,,,,,,,,,,5,3883,山根大樹,45,広島,57.0,B1,3.84,14.67,3.82,18.42,11,41.3,55,33.33,2,,,,,,,,,,,,,6,4325,新出浩司,35,大阪,52.0,B1,4.57,23.53,4.63,15.79,25,35.85,40,28.57,1,,,,,,,,,,,,
201903141707,備南競艇事業組合４３周年記念競走,第1日,2019-03-14,ボートレース児島,7R,予選,1800,13:24,1,3202,三品隆浩,53,東京,54.0,B1,5.37,35.71,3.44,11.11,24,26.53,13,33.33,1,,,,,,,,,,,,,2,4796,春園功太,27,三重,52.0,A1,6.19,47.41,5.65,47.06,62,31.11,15,25.0,1,2,,,,,,,,,,,,3,3273,石田 豪,53,広島,51.0,B1,4.99,27.55,5.29,29.41,47,18.6,66,,,,,,,,,,,,,,,4,4382,高山智至,34,滋賀,55.0,A2,5.73,34.83,5.21,31.58,32,20.0,65,,,,,,,,,,,,,,,5,3930,岸本 隆,43,岡山,56.0,B1,5.36,34.67,6.15,48.28,46,29.79,33,44.44,3,,,,,,,,,,,,,6,3686,鳥居塚孝,44,群馬,53.0,A1,6.35,44.44,5.86,36.36,23,23.91,71,,1,1,,,,,,,,,,,
201903141708,備南競艇事業組合４３周年記念競走,第1日,2019-03-14,ボートレース児島,8R,予選,1800,13:59,1,4432,黄金井力,33,埼玉,57.0,B1,4.78,20.21,4.37,23.68,63,31.91,51,,1,,,,,,,,,,,,,2,4302,西野翔太,35,広島,52.0,A2,6.34,46.94,6.26,48.39,44,12.82,68,,4,,,,,,,,,,,,,3,4421,森作広大,30,東京,54.0,B1,4.42,22.68,2.33,,33,26.09,31,22.22,2,,,,,,,,,,,,,4,4817,渡邉 翼,27,山口,48.0,A2,5.37,31.93,,,50,30.61,24,22.22,,,,,,,,,,,,,,5,3300,川崎智幸,51,岡山,51.0,A1,5.93,36.84,6.83,51.8,37,17.5,23,33.33,1,2,,,,,,,,,,,,6,3644,矢橋成介,46,三重,61.0,B1,4.54,21.79,4.0,11.54,40,7.5,32,37.5,,,,,,,,,,,,,
201903141709,備南競艇事業組合４３周年記念競走,第1日,2019-03-14,ボートレース児島,9R,予選 進入固定 Ｈ１８０,ｍ電,14:35,1,3246,星野政彦,54,兵庫,54.0,A2,5.17,28.95,4.63,26.32,27,20.83,28,25.0,3,,,,,,,,,,,,,2,2841,吉田 稔,62,群馬,52.0,B1,4.98,33.03,5.45,45.45,13,18.42,70,,,,,,,,,,,,,,,3,3561,池田真治,50,岡山,54.0,B1,4.23,22.58,4.39,22.97,57,23.08,53,22.22,2,,,,,,,,,,,,,4,4757,山田祐也,29,徳島,53.0,A1,6.7,51.16,4.5,20.0,45,29.79,57,44.44,1,2,,,,,,,,,,,,5,4210,松村康太,35,福井,50.0,B1,5.57,34.78,4.68,20.0,68,34.69,35,44.44,5,,,,,,,,,,,,,6,4934,佐々木翔,22,大阪,53.0,B1,3.94,18.75,3.42,26.32,51,34.78,63,25.0,,,,,,,,,,,,,
201903141710,備南競艇事業組合４３周年記念競走,第1日,2019-03-14,ボートレース児島,10R,特賞,1800,15:12,1,4583,古田祐貴,29,香川,51.0,A2,5.62,33.08,5.31,31.03,35,20.0,30,37.5,5,,,,,,,,,,,,,2,3736,岡本 猛,45,大阪,52.0,A1,6.04,41.79,6.45,50.0,48,40.0,54,33.33,3,,,,,,,,,,,,,3,4697,國弘翔平,32,福岡,48.0,B1,3.92,15.66,3.74,18.52,29,31.71,73,,2,,,,,,,,,,,,,4,3711,江本真治,44,山口,55.0,A2,5.35,31.03,5.9,47.62,22,30.19,44,22.22,4,,,,,,,,,,,,,5,3600,玄馬 徹,48,岡山,51.0,B1,4.2,21.95,4.85,29.79,67,36.36,61,,1,,,,,,,,,,,,,6,4847,佐藤隆太,24,東京,52.0,A2,5.99,47.66,4.86,23.81,69,29.17,64,50.0,6,,,,,,,,,,,,
201903141711,備南競艇事業組合４３周年記念競走,第1日,2019-03-14,ボートレース児島,11R,特選,1800,15:50,1,4133,高橋正男,38,兵庫,53.0,A1,6.8,58.54,6.39,42.86,17,24.44,67,,6,,,,,,,,,,,,,2,4277,金田大輔,35,岡山,50.0,A2,4.9,34.78,3.81,18.92,20,31.25,60,44.44,3,,,,,,,,,,,,,3,3686,鳥居塚孝,44,群馬,53.0,A1,6.35,44.44,5.86,36.36,23,23.91,71,,7,,,,,,,,,,,,,4,3912,川原正明,45,福井,51.0,B1,6.01,41.18,5.5,31.82,26,41.67,41,50.0,4,,,,,,,,,,,,,5,4732,堀本和也,29,徳島,54.0,A2,6.02,42.75,5.63,39.47,72,38.3,29,,1,,,,,,,,,,,,,6,4639,雑賀勇貴,28,大阪,54.0,B1,4.68,25.0,3.24,16.0,60,36.17,69,,2,,,,,,,,,,,,
201903141712,備南競艇事業組合４３周年記念競走,第1日,2019-03-14,ボートレース児島,12R,びなん選抜,1800,16:29,1,3300,川崎智幸,51,岡山,51.0,A1,5.93,36.84,6.83,51.8,37,17.5,23,33.33,8,,,,,,,,,,,,,2,3484,芝田浩治,47,兵庫,54.0,A1,6.95,54.55,6.94,44.44,54,40.43,62,12.5,5,,,,,,,,,,,,,3,3251,平石和男,52,埼玉,50.0,A1,6.44,44.44,5.33,44.44,21,31.37,38,62.5,6,,,,,,,,,,,,,4,3541,三嶌誠司,50,香川,53.0,A1,6.49,48.7,5.55,36.36,16,27.91,21,37.5,4,,,,,,,,,,,,,5,4757,山田祐也,29,徳島,53.0,A1,6.7,51.16,4.5,20.0,45,29.79,57,44.44,9,,,,,,,,,,,,,6,4796,春園功太,27,三重,52.0,A1,6.19,47.41,5.65,47.06,62,31.11,15,25.0,7,,,,,,,,,,,,
201903141601,１Ｒ  予選          Ｈ１８００ｍ  電話投票締切予定１５：１５,第1日,2019-03-14,ボートレース丸亀,1R,予選,1800,15:15,1,4678,水野望美,30,愛知,45.0,A2,5.8,41.11,,,16,35.38,24,33.58,1,1,,,,,,,,,,,,2,4740,齋藤達希,27,静岡,52.0,B1,4.27,16.49,,,47,42.25,39,38.1,1,0,,,,,,,,,,,,3,4909,薮内瑞希,23,岡山,44.0,B1,3.95,18.92,2.04,4.35,32,21.54,20,33.33,5,,,,,,,,,,,,,4,4849,森田太陽,24,福岡,45.0,B1,4.36,22.95,4.33,13.33,61,15.79,59,25.98,8,,,,,,,,,,,,,5,4552,杉山勝匡,30,佐賀,50.0,B1,4.79,29.79,4.55,24.24,34,26.39,52,36.5,9,,,,,,,,,,,,,6,4187,香川友尚,38,香川,53.0,B1,4.14,21.25,4.07,20.0,24,41.54,15,23.7,7,,,,,,,,,,,,
201903141602,１Ｒ  予選          Ｈ１８００ｍ  電話投票締切予定１５：１５,第1日,2019-03-14,ボートレース丸亀,2R,予選,1800,15:40,1,4185,藤原真也,38,香川,52.0,B1,3.84,17.33,4.18,23.53,13,49.28,57,34.25,,,,,,,,,,,,,,2,4212,宮地孝四,34,福岡,53.0,B1,3.77,18.18,5.89,36.84,63,37.33,61,36.55,,,,,,,,,,,,,,3,4746,大豆生蒼,24,埼玉,48.0,B1,3.98,19.7,7.0,55.56,21,19.12,12,36.55,1,0,,,,,,,,,,,,4,4047,吉永浩則,39,大阪,56.0,B1,4.49,25.53,5.0,31.43,3,34.48,14,36.49,1,1,,,,,,,,,,,,5,4998,中村かな,25,東京,44.0,B1,2.26,1.37,2.78,11.11,45,43.75,34,37.93,8,,,,,,,,,,,,,6,5003,来田衣織,22,兵庫,47.0,B2,2.15,3.85,1.42,,7,29.03,41,25.95,6,,,,,,,,,,,,
201903141603,１Ｒ  予選          Ｈ１８００ｍ  電話投票締切予定１５：１５,第1日,2019-03-14,ボートレース丸亀,3R,予選,1800,16:05,1,3694,木村恒一,47,大阪,58.0,B1,3.79,15.38,4.23,15.38,60,29.17,3,35.53,,,,,,,,,,,,,,2,4249,曾根孝仁,36,香川,53.0,B1,2.87,8.7,3.42,12.5,66,25.81,37,31.06,9,,,,,,,,,,,,,3,4114,深澤達徳,38,東京,56.0,B1,4.77,24.47,4.22,11.11,25,17.65,44,35.86,1,0,,,,,,,,,,,,4,3409,三好 一,49,福井,54.0,A2,4.67,28.24,5.34,41.38,19,21.13,35,42.74,8,,,,,,,,,,,,,5,4159,向後龍一,37,埼玉,52.0,A2,5.87,40.19,4.81,29.63,52,40.0,18,26.12,1,1,,,,,,,,,,,,6,3606,川北浩貴,47,滋賀,51.0,A1,7.87,69.03,6.93,64.29,5,13.73,47,43.06,1,2,,,,,,,,,,,
201903141604,１Ｒ  予選          Ｈ１８００ｍ  電話投票締切予定１５：１５,第1日,2019-03-14,ボートレース丸亀,4R,予選,1800,16:31,1,2958,井川正人,61,長崎,51.0,B1,4.35,22.33,3.11,11.11,27,53.97,38,19.71,8,,,,,,,,,,,,,2,4194,齋藤 篤,37,東京,61.0,B1,4.07,20.73,3.92,19.23,62,25.0,5,46.83,,,,,,,,,,,,,,3,4373,若狭奈美,30,岡山,48.0,A2,6.19,44.44,5.45,36.36,29,27.87,51,43.61,1,1,,,,,,,,,,,,4,4148,枝尾 賢,37,福岡,50.0,A1,6.53,47.41,5.55,27.27,18,29.73,62,33.8,1,0,,,,,,,,,,,,5,4030,森高一真,40,香川,50.0,A2,6.64,43.93,7.07,51.33,28,19.05,50,28.37,1,2,,,,,,,,,,,,6,4097,貫地谷直,37,広島,53.0,B1,4.85,25.45,4.8,25.0,64,25.71,49,30.71,9,,,,,,,,,,,,
201903141605,１Ｒ  予選          Ｈ１８００ｍ  電話投票締切予定１５：１５,第1日,2019-03-14,ボートレース丸亀,5R,予選,1800,16:58,1,3873,別府昌樹,42,広島,52.0,A2,6.17,42.45,6.05,42.11,23,45.16,25,27.01,1,0,,,,,,,,,,,,2,4909,薮内瑞希,23,岡山,44.0,B1,3.95,18.92,2.04,4.35,32,21.54,20,33.33,1,,,,,,,,,,,,,3,4522,古澤光紀,31,福岡,53.0,A1,6.65,51.18,7.12,57.69,39,28.17,2,27.27,9,,,,,,,,,,,,,4,4044,湯川浩司,39,大阪,51.0,A1,7.1,43.41,8.63,50.0,55,23.61,1,31.82,1,2,,,,,,,,,,,,5,4273,佐藤 旭,36,静岡,53.0,B1,4.91,30.11,3.94,23.53,9,25.0,63,30.22,,,,,,,,,,,,,,6,4994,山本梨菜,20,佐賀,49.0,B2,2.14,1.96,,,46,43.55,30,38.16,,,,,,,,,,,,,
201903141606,１Ｒ  予選          Ｈ１８００ｍ  電話投票締切予定１５：１５,第1日,2019-03-14,ボートレース丸亀,6R,予選,1800,17:26,1,3642,大塚浩二,47,静岡,52.0,B1,4.83,26.56,3.88,12.5,50,40.28,21,46.27,,,,,,,,,,,,,,2,4530,小野生奈,30,福岡,48.0,A1,7.46,54.4,6.46,39.29,58,36.36,19,46.27,1,2,,,,,,,,,,,,3,3568,木村光宏,48,香川,53.0,A1,6.92,56.31,6.54,50.74,6,40.63,43,25.37,1,1,,,,,,,,,,,,4,5003,来田衣織,22,兵庫,47.0,B2,2.15,3.85,1.42,,7,29.03,41,25.95,2,,,,,,,,,,,,,5,4624,高田 明,33,佐賀,49.0,A2,5.2,34.04,5.48,34.78,59,44.62,60,33.8,1,0,,,,,,,,,,,,6,3467,森 弘行,50,東京,53.0,B1,4.98,30.0,6.2,30.0,14,38.71,29,29.41,,,,,,,,,,,,,
201903141607,１Ｒ  予選          Ｈ１８００ｍ  電話投票締切予定１５：１５,第1日,2019-03-14,ボートレース丸亀,7R,予選,1800,17:54,1,3485,竹村祥司,47,大阪,51.0,B1,4.8,28.57,4.18,27.27,36,27.4,40,33.33,,,,,,,,,,,,,,2,4504,前田将太,30,福岡,53.0,A1,6.87,50.0,6.0,33.33,57,22.54,56,36.03,1,2,,,,,,,,,,,,3,4187,香川友尚,38,香川,53.0,B1,4.14,21.25,4.07,20.0,24,41.54,15,23.7,1,,,,,,,,,,,,,4,4415,下出卓矢,32,福井,55.0,A1,6.33,44.35,6.27,53.33,54,22.86,58,33.79,1,1,,,,,,,,,,,,5,4219,本岡勝利,37,広島,57.0,B1,4.55,24.14,4.75,25.0,56,50.0,6,27.21,,,,,,,,,,,,,,6,3514,山一鉄也,51,福岡,51.0,A2,6.28,46.27,5.48,31.03,10,19.7,65,29.71,,,,,,,,,,,,,
201903141608,１Ｒ  予選          Ｈ１８００ｍ  電話投票締切予定１５：１５,第1日,2019-03-14,ボートレース丸亀,8R,予選 進入固定 Ｈ１８０,ｍ電,18:23,1,4072,森永 淳,38,佐賀,52.0,A1,6.51,48.51,6.79,54.55,44,23.94,8,48.85,1,2,,,,,,,,,,,,2,3409,三好 一,49,福井,54.0,A2,4.67,28.24,5.34,41.38,19,21.13,35,42.74,3,,,,,,,,,,,,,3,2958,井川正人,61,長崎,51.0,B1,4.35,22.33,3.11,11.11,27,53.97,38,19.71,4,,,,,,,,,,,,,4,4677,片橋幸貴,30,滋賀,54.0,A2,6.2,48.72,7.0,71.43,38,37.66,32,32.89,,,,,,,,,,,,,,5,4849,森田太陽,24,福岡,45.0,B1,4.36,22.95,4.33,13.33,61,15.79,59,25.98,1,,,,,,,,,,,,,6,4998,中村かな,25,東京,44.0,B1,2.26,1.37,2.78,11.11,45,43.75,34,37.93,2,,,,,,,,,,,,
201903141609,１Ｒ  予選          Ｈ１８００ｍ  電話投票締切予定１５：１５,第1日,2019-03-14,ボートレース丸亀,9R,予選,1800,18:53,1,4522,古澤光紀,31,福岡,53.0,A1,6.65,51.18,7.12,57.69,39,28.17,2,27.27,5,,,,,,,,,,,,,2,4552,杉山勝匡,30,佐賀,50.0,B1,4.79,29.79,4.55,24.24,34,26.39,52,36.5,1,,,,,,,,,,,,,3,4097,貫地谷直,37,広島,53.0,B1,4.85,25.45,4.8,25.0,64,25.71,49,30.71,4,,,,,,,,,,,,,4,3075,中村裕将,56,埼玉,52.0,A2,5.47,37.0,6.42,52.63,12,21.43,36,44.9,,,,,,,,,,,,,,5,4249,曾根孝仁,36,香川,53.0,B1,2.87,8.7,3.42,12.5,66,25.81,37,31.06,3,,,,,,,,,,,,,6,2878,富山弘幸,60,大阪,56.0,A2,5.68,32.52,6.33,44.44,11,19.12,26,27.94,,,,,,,,,,,,,
201903141610,１Ｒ  予選          Ｈ１８００ｍ  電話投票締切予定１５：１５,第1日,2019-03-14,ボートレース丸亀,10R,予選特賞,1800,19:23,1,4148,枝尾 賢,37,福岡,50.0,A1,6.53,47.41,5.55,27.27,18,29.73,62,33.8,4,,,,,,,,,,,,,2,4746,大豆生蒼,24,埼玉,48.0,B1,3.98,19.7,7.0,55.56,21,19.12,12,36.55,2,,,,,,,,,,,,,3,3873,別府昌樹,42,広島,52.0,A2,6.17,42.45,6.05,42.11,23,45.16,25,27.01,5,,,,,,,,,,,,,4,4624,高田 明,33,佐賀,49.0,A2,5.2,34.04,5.48,34.78,59,44.62,60,33.8,6,,,,,,,,,,,,,5,4740,齋藤達希,27,静岡,52.0,B1,4.27,16.49,,,47,42.25,39,38.1,1,,,,,,,,,,,,,6,4114,深澤達徳,38,東京,56.0,B1,4.77,24.47,4.22,11.11,25,17.65,44,35.86,3,,,,,,,,,,,,
201903141611,１Ｒ  予選          Ｈ１８００ｍ  電話投票締切予定１５：１５,第1日,2019-03-14,ボートレース丸亀,11R,予選選抜,1800,19:55,1,3568,木村光宏,48,香川,53.0,A1,6.92,56.31,6.54,50.74,6,40.63,43,25.37,6,,,,,,,,,,,,,2,4373,若狭奈美,30,岡山,48.0,A2,6.19,44.44,5.45,36.36,29,27.87,51,43.61,4,,,,,,,,,,,,,3,4159,向後龍一,37,埼玉,52.0,A2,5.87,40.19,4.81,29.63,52,40.0,18,26.12,3,,,,,,,,,,,,,4,4678,水野望美,30,愛知,45.0,A2,5.8,41.11,,,16,35.38,24,33.58,1,,,,,,,,,,,,,5,4415,下出卓矢,32,福井,55.0,A1,6.33,44.35,6.27,53.33,54,22.86,58,33.79,7,,,,,,,,,,,,,6,4047,吉永浩則,39,大阪,56.0,B1,4.49,25.53,5.0,31.43,3,34.48,14,36.49,2,,,,,,,,,,,,
201903141612,１Ｒ  予選          Ｈ１８００ｍ  電話投票締切予定１５：１５,第1日,2019-03-14,ボートレース丸亀,12R,ドリーム,1800,20:32,1,4044,湯川浩司,39,大阪,51.0,A1,7.1,43.41,8.63,50.0,55,23.61,1,31.82,5,,,,,,,,,,,,,2,3606,川北浩貴,47,滋賀,51.0,A1,7.87,69.03,6.93,64.29,5,13.73,47,43.06,3,,,,,,,,,,,,,3,4030,森高一真,40,香川,50.0,A2,6.64,43.93,7.07,51.33,28,19.05,50,28.37,4,,,,,,,,,,,,,4,4530,小野生奈,30,福岡,48.0,A1,7.46,54.4,6.46,39.29,58,36.36,19,46.27,6,,,,,,,,,,,,,5,4072,森永 淳,38,佐賀,52.0,A1,6.51,48.51,6.79,54.55,44,23.94,8,48.85,8,,,,,,,,,,,,,6,4504,前田将太,30,福岡,53.0,A1,6.87,50.0,6.0,33.33,57,22.54,56,36.03,7,,,,,,,,,,,,
201903141501,１Ｒ  予選          Ｈ１８００ｍ  電話投票締切予定０８：４９,第2日,2019-03-14,ボートレース鳴門,1R,予選,1800,08:49,1,4305,金子拓矢,35,群馬,52.0,A1,6.29,42.98,5.65,29.41,34,37.38,79,33.33,3,,,,,,1,2,,,,,,2,3456,松下 潤,47,徳島,53.0,B1,3.71,15.38,4.23,18.25,61,31.11,78,33.18,2,,,,,,6,,,,,,,3,4054,福嶋智之,40,岡山,53.0,B1,3.94,19.05,4.58,33.33,16,34.47,61,30.35,6,,,,,,8,,,,,,,4,3414,加瀬智宏,49,群馬,53.0,A2,6.22,44.8,6.09,39.53,36,29.59,72,35.38,5,,,,,,1,1,,,,,,5,5059,冨田 祥,22,香川,59.0,B2,1.23,,1.25,,59,34.98,38,34.83,6,,,,,,9,,,,,,,6,3776,横井健太,43,愛知,55.0,B1,4.35,24.05,5.29,25.0,33,44.06,51,30.77,2,,,,,,7,,,,,,
201903141502,１Ｒ  予選          Ｈ１８００ｍ  電話投票締切予定０８：４９,第2日,2019-03-14,ボートレース鳴門,2R,特賞,1800,09:18,1,3699,富永正人,46,埼玉,54.0,A2,5.21,34.85,3.85,15.38,70,45.32,63,35.61,5,,,,,,,,,,,,,2,3473,石川真二,48,福岡,52.0,A1,6.98,50.0,7.26,68.42,79,36.45,55,28.87,8,,,,,,,,,,,,,3,4855,江頭賢太,23,長崎,54.0,A2,4.62,29.67,,,10,35.0,50,33.68,9,,,,,,,,,,,,,4,4345,西舘 健,34,東京,55.0,B1,4.68,27.85,4.89,34.29,22,31.82,35,31.47,5,,,,,,,,,,,,,5,4558,宮野 仁,29,岡山,56.0,B1,4.91,27.27,5.41,29.63,52,31.94,11,39.9,3,,,,,,6,,,,,,,6,3662,大庭元明,49,福岡,58.0,A2,6.2,46.43,5.96,40.74,32,32.43,22,38.24,1,0,,,,,,,,,,,
201903141503,１Ｒ  予選          Ｈ１８００ｍ  電話投票締切予定０８：４９,第2日,2019-03-14,ボートレース鳴門,3R,予選,1800,09:47,1,4427,秦 英悟,33,大阪,52.0,A1,6.75,51.59,6.25,38.89,64,36.19,73,33.82,9,,,,,,,,,,,,,2,3607,原田智和,47,大阪,50.0,B1,4.77,28.83,5.5,37.5,53,31.71,54,37.44,5,,,,,,,,,,,,,3,3617,竹田広樹,45,佐賀,55.0,B1,4.26,29.67,3.86,14.29,26,36.36,76,34.52,7,,,,,,,,,,,,,4,3226,浦田信義,53,東京,51.0,B1,4.59,25.71,6.18,36.36,15,47.09,37,41.95,8,,,,,,,,,,,,,5,4969,町田洸希,27,長崎,55.0,B2,2.52,5.8,1.13,,39,35.86,36,32.85,4,,,,,,,,,,,,,6,3974,深山祐二,42,佐賀,53.0,B1,4.38,23.53,3.52,19.05,65,35.43,20,34.85,,,,,,,,,,,,,
201903141504,１Ｒ  予選          Ｈ１８００ｍ  電話投票締切予定０８：４９,第2日,2019-03-14,ボートレース鳴門,4R,予選,1800,10:15,1,4514,上條嘉嗣,29,大阪,54.0,A2,5.64,32.69,6.22,44.44,60,28.21,68,30.5,6,,,,,,8,,,,,,,2,3660,長谷川親,49,香川,59.0,B1,4.1,15.91,4.05,10.0,27,35.82,19,37.56,3,1,,,,,,,,,,,,3,4402,乙藤智史,34,福岡,53.0,A1,6.65,48.06,6.44,48.15,51,41.4,70,32.14,1,2,,,,,,,,,,,,4,2912,尾崎鉄也,63,長崎,56.0,B1,4.08,21.36,6.47,47.06,35,35.21,14,46.57,1,,,,,,9,,,,,,,5,5037,田頭虎親,21,香川,58.0,B2,2.06,4.26,1.71,,50,33.18,32,32.21,6,,,,,,1,0,,,,,,6,3212,亀本勇樹,57,広島,58.0,A2,5.9,41.46,6.29,47.06,56,30.15,31,35.86,1,1,,,,,,,,,,,
201903141505,１Ｒ  予選          Ｈ１８００ｍ  電話投票締切予定０８：４９,第2日,2019-03-14,ボートレース鳴門,5R,予選,1800,10:44,1,3874,山本寛久,42,岡山,51.0,A1,6.93,51.47,6.62,50.0,71,33.99,59,34.98,3,,,,,,1,2,,,,,,2,3929,杢野誓良,43,愛知,51.0,B1,5.82,41.38,5.59,35.14,69,29.0,74,31.84,4,,,,,,,,,,,,,3,3772,一柳和孝,44,埼玉,53.0,B1,4.5,15.48,4.38,20.83,13,38.27,64,33.82,4,,,,,,,,,,,,,4,3591,後藤孝義,50,静岡,52.0,B1,4.57,25.27,5.8,26.67,78,45.5,56,40.38,4,,,,,,1,0,,,,,,5,5026,安河内健,23,佐賀,55.0,B2,2.3,4.55,,,17,33.17,71,33.5,9,,,,,,,,,,,,,6,3791,川俣昌史,46,群馬,52.0,B1,3.96,16.25,5.5,40.0,31,38.89,29,38.61,6,,,,,,,,,,,,
201903141506,１Ｒ  予選          Ｈ１８００ｍ  電話投票締切予定０８：４９,第2日,2019-03-14,ボートレース鳴門,6R,予選,1800,11:15,1,4558,宮野 仁,29,岡山,56.0,B1,4.91,27.27,5.41,29.63,52,31.94,11,39.9,3,,,,,,2,,,,,,,2,4413,水摩 敦,32,福岡,52.0,A1,6.45,43.81,5.93,42.5,19,30.66,69,34.01,1,,,,,,1,0,,,,,,3,4679,植田太一,29,福岡,59.0,A2,5.73,40.2,5.33,22.22,38,29.38,67,34.15,1,,,,,,1,1,,,,,,4,3668,市川 猛,47,広島,52.0,B1,3.87,18.48,3.57,8.7,72,38.14,16,33.84,2,,,,,,,,,,,,,5,4376,藤田靖弘,34,静岡,51.0,A1,6.26,41.23,6.1,47.92,55,30.16,75,39.71,1,2,,,,,,,,,,,,6,3456,松下 潤,47,徳島,53.0,B1,3.71,15.38,4.23,18.25,61,31.11,78,33.18,2,,,,,,1,,,,,,
201903141507,１Ｒ  予選          Ｈ１８００ｍ  電話投票締切予定０８：４９,第2日,2019-03-14,ボートレース鳴門,7R,予選,1800,11:47,1,4625,渡邊裕貴,33,静岡,51.0,B1,4.64,22.11,4.78,38.89,62,31.77,12,30.35,5,,,,,,,,,,,,,2,4359,横川聖志,34,徳島,54.0,A2,5.12,27.66,5.34,36.04,28,31.16,58,38.16,4,,,,,,1,2,,,,,,3,3820,樫葉次郎,46,徳島,58.0,B1,4.47,24.05,4.84,26.79,11,32.38,15,41.95,3,,,,,,,,,,,,,4,3412,鈴木 博,49,埼玉,53.0,A1,6.74,53.49,5.83,43.33,67,41.78,13,32.67,1,,,,,,1,1,,,,,,5,3776,横井健太,43,愛知,55.0,B1,4.35,24.05,5.29,25.0,33,44.06,51,30.77,2,,,,,,1,,,,,,,6,3617,竹田広樹,45,佐賀,55.0,B1,4.26,29.67,3.86,14.29,26,36.36,76,34.52,3,,,,,,,,,,,,
201903141508,１Ｒ  予選          Ｈ１８００ｍ  電話投票締切予定０８：４９,第2日,2019-03-14,ボートレース鳴門,8R,予選,1800,12:19,1,4054,福嶋智之,40,岡山,53.0,B1,3.94,19.05,4.58,33.33,16,34.47,61,30.35,6,,,,,,1,,,,,,,2,3226,浦田信義,53,東京,51.0,B1,4.59,25.71,6.18,36.36,15,47.09,37,41.95,3,,,,,,,,,,,,,3,4575,戸塚邦好,30,東京,52.0,B1,4.84,24.64,4.75,12.5,75,36.32,65,32.65,4,,,,,,,,,,,,,4,4067,永井 源,38,愛知,52.0,A1,6.62,47.57,5.87,26.67,21,45.13,21,39.13,2,,,,,,1,2,,,,,,5,4514,上條嘉嗣,29,大阪,54.0,A2,5.64,32.69,6.22,44.44,60,28.21,68,30.5,6,,,,,,4,,,,,,,6,3473,石川真二,48,福岡,52.0,A1,6.98,50.0,7.26,68.42,79,36.45,55,28.87,2,,,,,,,,,,,,
201903141509,１Ｒ  予選          Ｈ１８００ｍ  電話投票締切予定０８：４９,第2日,2019-03-14,ボートレース鳴門,9R,予選,1800,12:52,1,2912,尾崎鉄也,63,長崎,56.0,B1,4.08,21.36,6.47,47.06,35,35.21,14,46.57,1,,,,,,4,,,,,,,2,4855,江頭賢太,23,長崎,54.0,A2,4.62,29.67,,,10,35.0,50,33.68,2,,,,,,,,,,,,,3,4571,菅 章哉,30,徳島,52.0,A2,6.25,46.72,6.45,49.24,58,37.38,60,31.5,1,,,,,,,,,,,,,4,5026,安河内健,23,佐賀,55.0,B2,2.3,4.55,,,17,33.17,71,33.5,5,,,,,,,,,,,,,5,4427,秦 英悟,33,大阪,52.0,A1,6.75,51.59,6.25,38.89,64,36.19,73,33.82,3,,,,,,,,,,,,,6,5059,冨田 祥,22,香川,59.0,B2,1.23,,1.25,,59,34.98,38,34.83,6,,,,,,1,,,,,,
201903141510,１Ｒ  予選          Ｈ１８００ｍ  電話投票締切予定０８：４９,第2日,2019-03-14,ボートレース鳴門,10R,予選,1800,13:30,1,3471,赤峰和也,49,佐賀,53.0,B1,4.9,30.23,3.14,,68,31.66,57,34.8,5,,,,,,,,,,,,,2,3591,後藤孝義,50,静岡,52.0,B1,4.57,25.27,5.8,26.67,78,45.5,56,40.38,4,,,,,,5,,,,,,,3,3662,大庭元明,49,福岡,58.0,A2,6.2,46.43,5.96,40.74,32,32.43,22,38.24,2,,,,,,,,,,,,,4,5037,田頭虎親,21,香川,58.0,B2,2.06,4.26,1.71,,50,33.18,32,32.21,6,,,,,,4,,,,,,,5,4413,水摩 敦,32,福岡,52.0,A1,6.45,43.81,5.93,42.5,19,30.66,69,34.01,1,,,,,,6,,,,,,,6,4718,北川太一,26,佐賀,50.0,A2,4.83,31.33,5.42,41.67,73,37.07,27,30.69,2,,,,,,,,,,,,
201903141511,１Ｒ  予選          Ｈ１８００ｍ  電話投票締切予定０８：４９,第2日,2019-03-14,ボートレース鳴門,11R,特選,1800,14:08,1,3414,加瀬智宏,49,群馬,53.0,A2,6.22,44.8,6.09,39.53,36,29.59,72,35.38,5,,,,,,1,,,,,,,2,3212,亀本勇樹,57,広島,58.0,A2,5.9,41.46,6.29,47.06,56,30.15,31,35.86,4,,,,,,,,,,,,,3,4292,麻生慎介,33,広島,56.0,A1,5.92,37.8,5.33,24.24,14,33.67,24,34.63,3,,,,,,,,,,,,,4,3809,吉田 光,43,佐賀,51.0,B1,4.49,25.0,5.19,37.04,30,35.59,25,33.5,2,,,,,,,,,,,,,5,3412,鈴木 博,49,埼玉,53.0,A1,6.74,53.49,5.83,43.33,67,41.78,13,32.67,1,,,,,,7,,,,,,,6,4679,植田太一,29,福岡,59.0,A2,5.73,40.2,5.33,22.22,38,29.38,67,34.15,1,,,,,,6,,,,,,
201903141512,１Ｒ  予選          Ｈ１８００ｍ  電話投票締切予定０８：４９,第2日,2019-03-14,ボートレース鳴門,12R,ドリーム戦,1800,14:47,1,4067,永井 源,38,愛知,52.0,A1,6.62,47.57,5.87,26.67,21,45.13,21,39.13,2,,,,,,8,,,,,,,2,3874,山本寛久,42,岡山,51.0,A1,6.93,51.47,6.62,50.0,71,33.99,59,34.98,3,,,,,,5,,,,,,,3,4376,藤田靖弘,34,静岡,51.0,A1,6.26,41.23,6.1,47.92,55,30.16,75,39.71,6,,,,,,,,,,,,,4,4305,金子拓矢,35,群馬,52.0,A1,6.29,42.98,5.65,29.41,34,37.38,79,33.33,3,,,,,,1,,,,,,,5,4359,横川聖志,34,徳島,54.0,A2,5.12,27.66,5.34,36.04,28,31.16,58,38.16,4,,,,,,7,,,,,,,6,4402,乙藤智史,34,福岡,53.0,A1,6.65,48.06,6.44,48.15,51,41.4,70,32.14,4,,,,,,,,,,,,
201903141401,マンスリーＢＯＡＴＲＡＣＥ杯,第5日,2019-03-14,ボートレース尼崎,1R,一般,1800,10:34,1,4543,重木輝彦,31,兵庫,48.0,A2,6.49,49.12,5.3,37.5,38,37.31,55,38.42,1,3,3,,,,3,4,2,6,,,11,2,4131,原 豊土,38,静岡,55.0,A2,5.66,40.91,5.97,46.67,60,31.9,40,29.31,2,4,3,,,,4,4,5,1,,,9,3,3336,遠藤晃司,55,東京,53.0,B1,4.63,26.51,6.1,40.0,27,31.86,71,33.67,5,,,,,,4,1,4,6,6,,5,4,4327,加藤 翔,35,静岡,51.0,B1,4.75,33.33,4.5,20.0,13,28.72,60,29.95,6,,,,,,2,5,1,6,5,,6,5,5054,佐々木大,23,大阪,51.0,B2,1.27,,,,10,35.14,67,32.18,6,,,,,,6,,,,,,655,6,4449,中嶋達也,31,兵庫,52.0,B1,4.68,29.59,4.48,21.69,22,30.65,46,23.03,6,,,,,,3,4,6,,,,45
201903141402,マンスリーＢＯＡＴＲＡＣＥ杯,第5日,2019-03-14,ボートレース尼崎,2R,一般,1800,10:59,1,4221,南部圭史,37,香川,51.0,B1,4.0,18.29,3.3,10.0,18,26.01,27,34.2,5,,,,,,4,6,5,,,,16,2,3626,中林秀人,49,大阪,59.0,B1,3.51,17.95,3.06,12.5,23,32.62,30,35.33,5,,,,,,1,4,3,,,,56,3,3627,井上恵一,49,福岡,52.0,A2,4.92,29.47,4.17,26.09,2,46.83,61,27.96,6,2,5,,,,3,2,2,6,,,12,4,3581,加木 郁,46,山口,50.0,B1,4.84,26.6,4.23,15.38,42,33.66,69,31.55,4,,,,,,3,3,4,3,2,,9,5,4422,永井亮次,30,大阪,54.0,B1,4.88,33.64,4.33,28.26,15,37.25,65,33.15,1,6,2,,,,6,6,5,,,,7,6,3857,阿波勝哉,45,東京,54.0,B1,4.74,23.08,3.22,22.22,25,33.01,50,33.16,6,,,,,,4,6,5,,,,43
201903141403,マンスリーＢＯＡＴＲＡＣＥ杯,第5日,2019-03-14,ボートレース尼崎,3R,一般,1800,11:24,1,3333,丸尾義孝,50,徳島,52.0,A2,6.54,49.11,5.67,44.44,32,35.14,68,36.98,2,2,5,,,,2,6,3,3,,,10,2,3855,大熊辰弥,46,香川,53.0,B1,4.74,27.42,3.48,4.76,17,56.04,12,26.82,4,,,,,,2,4,5,,,,33,3,3444,香月大介,49,福岡,53.0,B1,4.34,19.81,4.22,22.22,36,35.24,14,41.11,4,,,,,,6,3,2,,,,25,4,4572,渡部 悟,30,大阪,53.0,A2,5.8,39.13,6.12,42.31,56,48.24,66,30.22,3,6,1,,,,2,1,3,4,,,10,5,3979,杉本洋一,41,山口,52.0,B2,3.38,13.46,2.33,,39,28.65,26,32.57,6,,,,,,3,6,5,,,,S6,6,3780,魚谷智之,43,兵庫,51.0,A1,6.79,40.0,7.82,62.12,50,37.76,18,35.96,2,6,1,2,1,,1,3,,,,,11
201903141404,マンスリーＢＯＡＴＲＡＣＥ杯,第5日,2019-03-14,ボートレース尼崎,4R,一般,1800,11:50,1,4736,高倉和士,27,福岡,53.0,A1,6.23,42.55,5.77,34.29,19,42.0,22,42.08,2,4,2,3,5,,1,5,,,,,9,2,4116,川田正人,38,徳島,50.0,B1,5.46,33.62,5.63,40.63,62,32.65,36,38.46,3,5,3,,,,2,4,1,,,,12,3,3847,鈴木孝之,42,静岡,59.0,B1,3.07,13.33,3.08,15.38,16,28.11,13,32.94,5,,,,,,5,6,1,,,,45,4,4191,赤羽克也,37,埼玉,54.0,A2,6.05,39.45,4.8,26.67,55,36.41,39,25.15,3,1,2,,,,3,3,1,2,,,10,5,3949,今出晋二,42,岡山,56.0,B1,4.68,18.39,3.71,11.76,12,46.08,56,32.81,5,4,2,,,,4,4,3,,,,8,6,4573,佐藤 翼,30,埼玉,53.0,A1,6.51,42.61,6.71,57.14,40,38.42,75,49.19,1,5,1,4,1,,9,,,,,,
201903141405,マンスリーＢＯＡＴＲＡＣＥ杯,第5日,2019-03-14,ボートレース尼崎,5R,一般,1800,12:18,1,4513,河野真也,29,福岡,52.0,A1,6.32,46.85,6.5,47.06,5,37.69,35,46.28,1,4,4,6,3,,4,2,,,,,9,2,3752,宇土泰就,47,福岡,53.0,B1,4.1,23.19,3.23,23.08,49,36.54,58,40.21,3,3,5,,,,2,5,1,,,,11,3,3465,塚崎 勝,51,東京,55.0,B1,3.87,14.67,2.86,4.55,14,35.07,37,26.63,4,,,,,,6,5,3,,,,25,4,3890,小宮淳史,43,岡山,57.0,A2,6.27,46.34,5.79,35.71,29,38.92,51,41.86,3,5,2,,,,2,4,6,2,,,10,5,3336,遠藤晃司,55,東京,53.0,B1,4.63,26.51,6.1,40.0,27,31.86,71,33.67,5,,,,,,4,1,4,6,6,,1,6,4686,丸野一樹,27,滋賀,53.0,A1,6.45,43.4,6.35,42.31,34,41.67,57,47.24,1,2,4,1,4,,4,1,,,,,12
201903141406,マンスリーＢＯＡＴＲＡＣＥ杯,第5日,2019-03-14,ボートレース尼崎,6R,一般,1800,12:49,1,4036,金田 諭,40,埼玉,52.0,A1,6.91,49.54,8.75,75.0,4,36.17,25,38.59,3,5,1,1,2,,9,,,,,,,2,3535,渡 修平,46,兵庫,51.0,B1,4.59,22.73,4.29,25.27,63,38.46,38,41.94,4,,,,,,2,4,4,,,,44,3,4474,渡辺 崇,31,福岡,57.0,B1,4.54,19.05,3.65,17.39,51,30.69,11,35.23,2,1,5,,,,3,5,4,,,,11,4,3837,秋山広一,43,香川,51.0,A2,6.36,43.88,5.61,38.89,7,46.27,43,24.86,1,1,5,,,,3,1,1,1,,,10,5,4327,加藤 翔,35,静岡,51.0,B1,4.75,33.33,4.5,20.0,13,28.72,60,29.95,6,,,,,,2,5,1,6,5,,1,6,4140,梶野学志,38,東京,52.0,A1,5.89,45.24,7.5,60.71,8,35.32,29,38.27,2,3,4,1,1,,1,2,,,,,
201903141407,マンスリーＢＯＡＴＲＡＣＥ杯,第5日,2019-03-14,ボートレース尼崎,7R,一般,1800,13:20,1,3641,一瀬 明,47,東京,51.0,A1,6.44,47.06,6.17,56.67,43,32.26,54,44.62,6,4,2,2,1,,5,3,,,,,12,2,4422,永井亮次,30,大阪,54.0,B1,4.88,33.64,4.33,28.26,15,37.25,65,33.15,1,6,2,,,,6,6,5,,,,2,3,4396,大田直弥,32,山口,54.0,B1,4.78,29.67,,,45,39.25,77,29.63,4,3,3,,,,1,5,4,,,,10,4,3855,大熊辰弥,46,香川,53.0,B1,4.74,27.42,3.48,4.76,17,56.04,12,26.82,4,,,,,,2,4,5,,,,33,5,3553,平池仁志,47,香川,53.0,A2,4.99,31.09,4.35,17.5,30,35.24,49,36.76,6,5,3,,,,5,6,1,4,,,,6,4356,長岡良也,34,兵庫,51.0,A1,5.96,37.5,6.08,40.35,52,37.44,64,40.63,5,1,1,1,2,,1,1,,,,,
201903141408,マンスリーＢＯＡＴＲＡＣＥ杯,第5日,2019-03-14,ボートレース尼崎,8R,一般,1800,13:53,1,3933,山地正樹,42,岡山,55.0,A1,6.76,54.47,6.68,50.0,35,29.32,17,39.9,1,2,3,6,6,,1,1,,,,,,2,3949,今出晋二,42,岡山,56.0,B1,4.68,18.39,3.71,11.76,12,46.08,56,32.81,5,4,2,,,,4,4,3,,,,4,3,3750,笠井広幸,48,徳島,59.0,B1,3.89,15.53,4.44,18.52,11,36.76,16,32.43,1,,,,,,5,4,6,,,,36,4,3918,深井利寿,44,滋賀,51.0,A2,6.88,53.49,6.42,41.67,44,27.08,31,32.98,3,2,2,,,,1,3,3,3,,,12,5,3444,香月大介,49,福岡,53.0,B1,4.34,19.81,4.22,22.22,36,35.24,14,41.11,4,,,,,,6,3,2,,,,25,6,5054,佐々木大,23,大阪,51.0,B2,1.27,,,,10,35.14,67,32.18,6,,,,,,6,,,,,,655
201903141409,マンスリーＢＯＡＴＲＡＣＥ杯,第5日,2019-03-14,ボートレース尼崎,9R,準優進出戦,1800,14:29,1,4573,佐藤 翼,30,埼玉,53.0,A1,6.51,42.61,6.71,57.14,40,38.42,75,49.19,1,5,1,4,1,,4,,,,,,,2,4036,金田 諭,40,埼玉,52.0,A1,6.91,49.54,8.75,75.0,4,36.17,25,38.59,3,5,1,1,2,,6,,,,,,,3,4736,高倉和士,27,福岡,53.0,A1,6.23,42.55,5.77,34.29,19,42.0,22,42.08,2,4,2,3,5,,1,5,,,,,4,4,4513,河野真也,29,福岡,52.0,A1,6.32,46.85,6.5,47.06,5,37.69,35,46.28,1,4,4,6,3,,4,2,,,,,5,5,4131,原 豊土,38,静岡,55.0,A2,5.66,40.91,5.97,46.67,60,31.9,40,29.31,2,4,3,,,,4,4,5,1,,,1,6,3581,加木 郁,46,山口,50.0,B1,4.84,26.6,4.23,15.38,42,33.66,69,31.55,4,,,,,,3,3,4,3,2,,2
201903141410,マンスリーＢＯＡＴＲＡＣＥ杯,第5日,2019-03-14,ボートレース尼崎,10R,準優進出戦,1800,15:05,1,3837,秋山広一,43,香川,51.0,A2,6.36,43.88,5.61,38.89,7,46.27,43,24.86,1,1,5,,,,3,1,1,1,,,6,2,4191,赤羽克也,37,埼玉,54.0,A2,6.05,39.45,4.8,26.67,55,36.41,39,25.15,3,1,2,,,,3,3,1,2,,,4,3,4572,渡部 悟,30,大阪,53.0,A2,5.8,39.13,6.12,42.31,56,48.24,66,30.22,3,6,1,,,,2,1,3,4,,,3,4,3333,丸尾義孝,50,徳島,52.0,A2,6.54,49.11,5.67,44.44,32,35.14,68,36.98,2,2,5,,,,2,6,3,3,,,3,5,4396,大田直弥,32,山口,54.0,B1,4.78,29.67,,,45,39.25,77,29.63,4,3,3,,,,1,5,4,,,,7,6,3890,小宮淳史,43,岡山,57.0,A2,6.27,46.34,5.79,35.71,29,38.92,51,41.86,3,5,2,,,,2,4,6,2,,,5
201903141411,マンスリーＢＯＡＴＲＡＣＥ杯,第5日,2019-03-14,ボートレース尼崎,11R,準優進出戦,1800,15:41,1,3780,魚谷智之,43,兵庫,51.0,A1,6.79,40.0,7.82,62.12,50,37.76,18,35.96,2,6,1,2,1,,1,3,,,,,3,2,4356,長岡良也,34,兵庫,51.0,A1,5.96,37.5,6.08,40.35,52,37.44,64,40.63,5,1,1,1,2,,7,,,,,,,3,4543,重木輝彦,31,兵庫,48.0,A2,6.49,49.12,5.3,37.5,38,37.31,55,38.42,1,3,3,,,,3,4,2,6,,,1,4,3933,山地正樹,42,岡山,55.0,A1,6.76,54.47,6.68,50.0,35,29.32,17,39.9,1,2,3,6,6,,8,,,,,,,5,3752,宇土泰就,47,福岡,53.0,B1,4.1,23.19,3.23,23.08,49,36.54,58,40.21,3,3,5,,,,2,5,1,,,,5,6,4474,渡辺 崇,31,福岡,57.0,B1,4.54,19.05,3.65,17.39,51,30.69,11,35.23,2,1,5,,,,3,5,4,,,,6
201903141412,マンスリーＢＯＡＴＲＡＣＥ杯,第5日,2019-03-14,ボートレース尼崎,12R,準優進出戦,1800,16:24,1,4140,梶野学志,38,東京,52.0,A1,5.89,45.24,7.5,60.71,8,35.32,29,38.27,2,3,4,1,1,,6,,,,,,,2,4686,丸野一樹,27,滋賀,53.0,A1,6.45,43.4,6.35,42.31,34,41.67,57,47.24,1,2,4,1,4,,4,1,,,,,5,3,3918,深井利寿,44,滋賀,51.0,A2,6.88,53.49,6.42,41.67,44,27.08,31,32.98,3,2,2,,,,1,3,3,3,,,8,4,4116,川田正人,38,徳島,50.0,B1,5.46,33.62,5.63,40.63,62,32.65,36,38.46,3,5,3,,,,2,4,1,,,,4,5,3641,一瀬 明,47,東京,51.0,A1,6.44,47.06,6.17,56.67,43,32.26,54,44.62,6,4,2,2,1,,5,3,,,,,7,6,3627,井上恵一,49,福岡,52.0,A2,4.92,29.47,4.17,26.09,2,46.83,61,27.96,6,2,5,,,,3,2,2,6,,,2
201903141101,びわこ巧者集結！第４１回びわこ王座決定戦,第3日,2019-03-14,ボートレース琵琶湖,1R,びわこ幕開け,1800,10:35,1,3687,花田和明,49,愛知,53.0,A2,4.82,27.69,7.71,61.9,20,35.68,65,36.07,4,3,3,,,,1,1,,,,,,2,4619,伏田裕隆,36,東京,50.0,B1,5.41,31.33,5.27,27.27,12,29.94,58,35.75,3,,,,,,4,1,,,,,5,3,4271,川崎公靖,36,広島,52.0,B1,5.42,31.37,6.65,52.94,17,33.69,70,26.79,5,4,2,,,,7,,,,,,,4,4211,村田 敦,35,東京,57.0,B1,5.43,36.84,7.2,56.0,16,37.29,33,26.44,1,6,3,,,,8,,,,,,,5,4100,松田隆司,40,福岡,53.0,B1,4.54,25.53,6.54,48.57,21,34.07,12,32.04,5,,,,,,3,4,,,,,,6,5049,松井友汰,24,大阪,55.0,B2,1.43,,,,50,38.01,63,37.99,6,,,,,,3,,,,,,6
201903141102,びわこ巧者集結！第４１回びわこ王座決定戦,第3日,2019-03-14,ボートレース琵琶湖,2R,予選,1800,11:01,1,4360,庄司孝輔,34,静岡,53.0,B1,4.2,21.05,3.78,22.22,44,36.9,32,38.92,6,2,3,,,,6,,,,,,,2,4713,白神 優,28,岡山,54.0,B1,5.87,42.53,5.96,46.43,64,26.44,49,36.0,2,,,,,,2,3,,,,,12,3,4298,宮下元胤,36,愛知,54.0,B2,5.48,34.45,6.34,37.14,25,27.75,68,31.98,2,,,,,,1,5,,,,,9,4,3987,後藤正宗,40,静岡,53.0,A2,5.48,35.71,6.33,50.0,63,36.81,47,23.78,3,,,,,,2,5,,,,,11,5,4992,廣瀬篤哉,21,滋賀,59.0,B2,2.57,4.08,1.92,1.52,47,25.9,60,23.18,6,,,,,,6,6,,,,,,6,3231,吉田隆義,53,愛知,57.0,A2,4.92,29.52,6.68,43.9,48,42.16,44,38.86,1,,,,,,2,4,,,,,10
201903141103,びわこ巧者集結！第４１回びわこ王座決定戦,第3日,2019-03-14,ボートレース琵琶湖,3R,予選,1800,11:27,1,4465,大西 賢,32,東京,53.0,B1,4.12,22.39,5.14,31.82,27,30.27,71,31.18,4,,,,,,4,6,,,,,,2,4649,和田操拓,34,滋賀,51.0,B1,5.73,42.59,5.21,31.31,18,26.4,54,43.75,1,6,3,,,,8,,,,,,,3,4080,山崎哲司,40,愛知,52.0,A2,6.1,45.12,6.73,52.5,22,27.96,61,34.43,2,5,2,3,,,,,,,,,,4,4441,末永由楽,32,岡山,53.0,B1,5.91,41.6,6.0,41.94,49,32.63,18,37.27,2,2,3,,,,1,1,,,,,,5,4594,谷川祐一,37,滋賀,52.0,A1,6.41,51.22,5.45,36.36,39,28.32,51,31.95,1,3,6,2,,,1,2,,,,,,6,3569,増田 進,47,東京,54.0,B1,4.5,18.27,6.2,40.0,51,36.73,67,30.36,3,3,4,,,,1,0,,,,,
201903141104,びわこ巧者集結！第４１回びわこ王座決定戦,第3日,2019-03-14,ボートレース琵琶湖,4R,予選,1800,11:53,1,4142,平野和明,37,愛知,52.0,B1,5.89,40.32,5.43,34.33,67,33.68,19,40.91,4,1,5,,,,1,2,,,,,,2,4633,森 智也,29,兵庫,50.0,B1,5.05,30.0,6.41,50.0,32,41.92,56,39.33,2,4,1,,,,1,1,,,,,,3,4288,永田啓二,34,福岡,54.0,A2,5.47,40.23,6.55,52.5,53,31.95,22,28.14,3,4,5,,,,8,,,,,,,4,4367,山口修路,33,福岡,50.0,B1,4.96,22.68,6.11,33.33,66,26.7,48,30.06,3,,,,,,2,6,,,,,9,5,4440,萩原知哉,32,東京,54.0,B1,4.14,13.64,6.44,44.44,58,35.94,39,32.76,4,,,,,,6,,,,,,,6,4311,岡村 仁,35,大阪,54.0,A1,6.66,50.82,7.57,62.86,59,34.59,45,26.79,4,5,1,1,,,1,0,,,,,
201903141105,びわこ巧者集結！第４１回びわこ王座決定戦,第3日,2019-03-14,ボートレース琵琶湖,5R,ゴゴイチびわ,1800,12:21,1,4737,竹井貴史,27,福岡,52.0,A1,6.05,44.79,7.9,70.0,37,46.08,13,29.17,3,1,2,2,,,1,1,,,,,,2,3708,岡部貴司,44,岡山,55.0,A2,5.69,34.29,7.26,61.54,28,31.52,34,49.7,1,5,1,,,,1,0,,,,,,3,4619,伏田裕隆,36,東京,50.0,B1,5.41,31.33,5.27,27.27,12,29.94,58,35.75,3,,,,,,4,1,,,,,1,4,4906,鈴木雅希,23,東京,55.0,B1,5.21,37.04,6.2,60.0,19,40.0,69,36.0,5,,,,,,2,4,,,,,9,5,3153,前川竜次,54,佐賀,52.0,B1,4.66,30.11,4.89,33.33,36,30.16,30,32.95,3,6,5,,,,,,,,,,,6,4442,松竹大輔,32,愛知,51.0,B1,5.3,36.59,5.43,32.61,24,36.67,25,32.74,6,,,,,,4,4,,,,,
201903141106,びわこ巧者集結！第４１回びわこ王座決定戦,第3日,2019-03-14,ボートレース琵琶湖,6R,スゴ６！びわ,1800,12:52,1,4635,峰重力也,29,岡山,54.0,A2,4.41,26.98,6.18,36.36,46,31.52,11,25.88,1,,,,,,5,5,,,,,9,2,3895,堀本裕也,42,愛知,48.0,B1,4.72,32.89,5.64,40.43,41,29.31,27,34.88,5,5,3,,,,,,,,,,,3,4256,渡辺浩司,35,福岡,51.0,A1,6.49,43.81,7.87,64.52,30,32.82,24,34.12,3,2,1,,,,1,2,,,,,,4,4155,長野壮志,38,福岡,57.0,A2,5.8,36.05,6.37,46.67,52,25.62,43,28.74,2,4,5,,,,1,0,,,,,,5,4360,庄司孝輔,34,静岡,53.0,B1,4.2,21.05,3.78,22.22,44,36.9,32,38.92,6,2,3,,,,2,,,,,,,6,5049,松井友汰,24,大阪,55.0,B2,1.43,,,,50,38.01,63,37.99,6,,,,,,3,,,,,,1
201903141107,びわこ巧者集結！第４１回びわこ王座決定戦,第3日,2019-03-14,ボートレース琵琶湖,7R,予選,1800,13:24,1,4271,川崎公靖,36,広島,52.0,B1,5.42,31.37,6.65,52.94,17,33.69,70,26.79,5,4,2,,,,1,,,,,,,2,4743,木村仁紀,26,滋賀,54.0,A2,6.14,45.45,5.78,41.11,13,34.36,57,30.64,1,3,4,6,,,,,,,,,,3,4232,笠 雅雄,35,福岡,62.0,B1,3.79,13.58,4.42,31.58,62,33.14,40,35.2,5,,,,,,5,6,,,,,,4,4495,森晋太郎,31,福岡,54.0,A2,4.68,25.26,7.16,63.16,35,29.48,21,32.22,4,,,,,,1,4,,,,,12,5,4166,吉田拡郎,36,岡山,53.0,A1,6.78,44.17,7.42,53.85,65,38.22,14,20.75,1,1,3,2,,,1,1,,,,,,6,5050,木下雄介,24,滋賀,52.0,B2,1.34,,1.13,,29,37.95,62,26.51,6,,,,,,6,6,,,,,
201903141108,びわこ巧者集結！第４１回びわこ王座決定戦,第3日,2019-03-14,ボートレース琵琶湖,8R,予選,1800,13:57,1,4515,藤田浩人,32,佐賀,53.0,A1,5.89,40.0,6.23,47.73,34,39.67,23,45.18,5,2,4,5,,,,,,,,,,2,4288,永田啓二,34,福岡,54.0,A2,5.47,40.23,6.55,52.5,53,31.95,22,28.14,3,4,5,,,,4,,,,,,,3,4462,夏山亮平,32,大阪,57.0,B1,4.47,20.99,4.77,31.82,61,36.71,17,32.04,6,5,5,,,,,,,,,,,4,3562,山下和彦,49,広島,51.0,A1,6.19,42.19,7.6,62.79,31,37.44,31,36.78,6,6,1,2,,,,,,,,,,5,4649,和田操拓,34,滋賀,51.0,B1,5.73,42.59,5.21,31.31,18,26.4,54,43.75,1,6,3,,,,3,,,,,,,6,4211,村田 敦,35,東京,57.0,B1,5.43,36.84,7.2,56.0,16,37.29,33,26.44,1,6,3,,,,1,,,,,,
201903141109,びわこ巧者集結！第４１回びわこ王座決定戦,第3日,2019-03-14,ボートレース琵琶湖,9R,予選,1800,14:31,1,4367,山口修路,33,福岡,50.0,B1,4.96,22.68,6.11,33.33,66,26.7,48,30.06,3,,,,,,2,6,,,,,4,2,4276,鈴木勝博,36,愛知,52.0,A1,5.86,40.23,7.4,60.0,14,31.52,53,41.24,2,1,1,3,,,1,2,,,,,,3,4635,峰重力也,29,岡山,54.0,A2,4.41,26.98,6.18,36.36,46,31.52,11,25.88,1,,,,,,5,5,,,,,6,4,4298,宮下元胤,36,愛知,54.0,B2,5.48,34.45,6.34,37.14,25,27.75,68,31.98,2,,,,,,1,5,,,,,2,5,4906,鈴木雅希,23,東京,55.0,B1,5.21,37.04,6.2,60.0,19,40.0,69,36.0,5,,,,,,2,4,,,,,5,6,4002,古結 宏,41,兵庫,53.0,A1,6.92,54.19,7.15,57.69,11,45.45,55,21.89,5,4,5,1,,,,,,,,,
201903141110,びわこ巧者集結！第４１回びわこ王座決定戦,第3日,2019-03-14,ボートレース琵琶湖,10R,特賞戦,1800,15:06,1,4155,長野壮志,38,福岡,57.0,A2,5.8,36.05,6.37,46.67,52,25.62,43,28.74,2,4,5,,,,6,,,,,,,2,3569,増田 進,47,東京,54.0,B1,4.5,18.27,6.2,40.0,51,36.73,67,30.36,3,3,4,,,,3,,,,,,,3,4311,岡村 仁,35,大阪,54.0,A1,6.66,50.82,7.57,62.86,59,34.59,45,26.79,4,5,1,1,,,4,,,,,,,4,3231,吉田隆義,53,愛知,57.0,A2,4.92,29.52,6.68,43.9,48,42.16,44,38.86,1,,,,,,2,4,,,,,2,5,3708,岡部貴司,44,岡山,55.0,A2,5.69,34.29,7.26,61.54,28,31.52,34,49.7,1,5,1,,,,5,,,,,,,6,4761,山田晃大,29,滋賀,52.0,B1,4.45,27.54,4.91,30.26,56,32.77,41,31.43,4,6,4,,,,,,,,,,
201903141111,びわこ巧者集結！第４１回びわこ王座決定戦,第3日,2019-03-14,ボートレース琵琶湖,11R,特別選抜戦,1800,15:42,1,4166,吉田拡郎,36,岡山,53.0,A1,6.78,44.17,7.42,53.85,65,38.22,14,20.75,1,1,3,2,,,7,,,,,,,2,3987,後藤正宗,40,静岡,53.0,A2,5.48,35.71,6.33,50.0,63,36.81,47,23.78,3,,,,,,2,5,,,,,2,3,3687,花田和明,49,愛知,53.0,A2,4.82,27.69,7.71,61.9,20,35.68,65,36.07,4,3,3,,,,1,,,,,,,4,4737,竹井貴史,27,福岡,52.0,A1,6.05,44.79,7.9,70.0,37,46.08,13,29.17,3,1,2,2,,,5,,,,,,,5,4633,森 智也,29,兵庫,50.0,B1,5.05,30.0,6.41,50.0,32,41.92,56,39.33,2,4,1,,,,4,,,,,,,6,4441,末永由楽,32,岡山,53.0,B1,5.91,41.6,6.0,41.94,49,32.63,18,37.27,2,2,3,,,,3,,,,,,
201903141112,びわこ巧者集結！第４１回びわこ王座決定戦,第3日,2019-03-14,ボートレース琵琶湖,12R,記者選抜戦,1800,16:19,1,4256,渡辺浩司,35,福岡,51.0,A1,6.49,43.81,7.87,64.52,30,32.82,24,34.12,3,2,1,,,,6,,,,,,,2,4495,森晋太郎,31,福岡,54.0,A2,4.68,25.26,7.16,63.16,35,29.48,21,32.22,4,,,,,,1,4,,,,,7,3,4594,谷川祐一,37,滋賀,52.0,A1,6.41,51.22,5.45,36.36,39,28.32,51,31.95,1,3,6,2,,,3,,,,,,,4,4142,平野和明,37,愛知,52.0,B1,5.89,40.32,5.43,34.33,67,33.68,19,40.91,4,1,5,,,,4,,,,,,,5,4276,鈴木勝博,36,愛知,52.0,A1,5.86,40.23,7.4,60.0,14,31.52,53,41.24,2,1,1,3,,,9,,,,,,,6,4713,白神 優,28,岡山,54.0,B1,5.87,42.53,5.96,46.43,64,26.44,49,36.0,2,,,,,,2,3,,,,,2
201903141001,やよい第２戦,第5日,2019-03-14,ボートレース三国,1R,みくにあさイ,1800,10:28,1,3268,森 竜也,53,三重,53.0,A1,6.45,50.0,5.97,36.36,63,32.05,41,36.62,1,3,6,3,1,,1,0,,,,,,2,3964,宮地博士,40,長崎,54.0,B1,4.46,21.84,4.37,5.26,58,44.29,69,26.09,4,,,,,,3,6,5,4,3,,8,3,3910,松下知幸,45,香川,51.0,B1,4.46,24.78,4.58,31.58,32,35.48,26,32.26,3,5,3,,,,5,4,3,,,,8,4,4228,吉田慎二,35,愛知,57.0,B1,4.33,22.35,4.57,20.0,14,32.61,18,24.3,6,4,4,,,,1,,,,,,64,5,4268,和合俊介,33,福岡,58.0,B1,4.08,19.59,3.37,14.81,37,38.27,46,38.39,5,1,5,,,,4,2,4,,,,5,6,3755,吉村和也,47,長崎,51.0,B1,4.36,22.22,4.83,34.48,52,44.74,61,48.36,5,5,3,,,,1,,,,,,45
201903141002,やよい第２戦,第5日,2019-03-14,ボートレース三国,2R,みくにあさガ,1800,10:57,1,3761,山本光雄,47,滋賀,53.0,A2,6.16,45.36,5.55,35.9,61,37.66,23,47.47,3,5,2,,,,2,3,3,4,,,10,2,3488,柳田英明,52,東京,52.0,A2,5.14,29.55,5.84,42.11,38,31.42,36,30.33,3,4,5,,,,2,3,2,3,,,8,3,3521,今村賢二,50,福岡,58.0,B1,3.32,12.28,3.94,16.67,69,37.82,45,35.64,4,,,,,,6,5,6,,,,15,4,3870,寺嶋 雄,43,福井,52.0,B1,4.58,22.68,5.2,33.95,16,38.22,72,34.13,2,,,,,,1,4,2,4,4,4,11,5,2844,田中伸二,61,広島,51.0,B1,5.1,29.35,5.25,30.0,68,42.79,67,34.11,5,,,,,,1,4,5,,,,52,6,5012,加倉侑征,21,福岡,52.0,B1,2.91,8.57,,,43,33.19,48,35.27,3,,,,,,5,1,6,6,6,,7
201903141003,やよい第２戦,第5日,2019-03-14,ボートレース三国,3R,みくにあさズ,1800,11:26,1,4357,田中和也,34,大阪,55.0,A2,6.58,53.98,6.95,55.0,48,35.84,15,34.31,1,6,2,,,,1,2,2,6,,,10,2,3433,諏訪忠宏,50,埼玉,55.0,B1,4.55,29.89,4.68,23.68,36,35.86,40,37.44,6,2,2,,,,4,5,5,,,,7,3,4264,長尾章平,34,山口,52.0,A1,6.35,38.94,6.64,45.45,46,28.14,17,30.19,3,1,2,1,5,,1,1,,,,,,4,4520,高倉孝太,31,福井,48.0,B1,4.66,25.21,5.17,29.51,13,36.91,44,43.96,3,6,2,,,,6,2,3,,,,8,5,4752,西尾亮輔,30,愛知,51.0,B2,4.2,20.37,4.09,18.75,30,43.84,51,33.0,4,,,,,,4,4,3,,,,31,6,5044,渡邉 健,19,東京,56.0,B1,2.54,3.95,,,20,36.21,62,28.17,6,,,,,,5,4,3,,,,15
201903141004,やよい第２戦,第5日,2019-03-14,ボートレース三国,4R,みくにあさト,1800,11:55,1,3915,繁野谷圭,44,大阪,52.0,A2,6.57,44.44,5.31,33.33,41,32.63,25,40.76,1,2,1,3,1,,6,4,,,,,11,2,3343,齊藤寛人,53,福井,53.0,A2,5.57,37.68,5.75,36.0,15,38.79,11,27.1,1,4,3,2,3,,3,3,,,,,10,3,3811,石田章央,43,静岡,54.0,A2,6.33,49.25,6.55,55.0,17,33.04,24,31.78,2,,,,,,3,5,3,5,2,2,9,4,4368,山口隆史,33,福岡,52.0,B1,4.48,22.09,2.88,12.0,50,31.3,22,41.51,5,2,4,,,,1,6,6,,,,,5,4915,彦坂径冶,22,愛知,56.0,B2,2.03,,1.43,,54,32.13,38,39.07,6,,,,,,4,5,5,,,,6,6,3578,塩田雄一,46,香川,50.0,B1,5.0,29.03,5.78,43.75,65,37.14,14,38.46,4,1,6,,,,3,6,6,,,,9
201903141005,やよい第２戦,第5日,2019-03-14,ボートレース三国,5R,一般,1800,12:24,1,4339,平瀬城啓,34,福井,52.0,B1,4.08,23.33,3.88,16.79,35,29.61,65,29.38,4,,,,,,6,2,2,2,2,6,10,2,3710,吉永泰弘,44,香川,57.0,B1,4.72,29.35,5.22,32.43,66,38.74,39,36.23,4,2,4,,,,4,3,,,,,9,3,4268,和合俊介,33,福岡,58.0,B1,4.08,19.59,3.37,14.81,37,38.27,46,38.39,5,1,5,,,,4,2,4,,,,1,4,3362,間嶋仁志,49,三重,53.0,A1,6.76,54.84,6.6,46.67,29,27.41,57,37.21,5,5,1,1,6,,9,,,,,,,5,3753,河上哲也,47,香川,54.0,B1,4.48,27.37,4.54,32.14,28,47.49,63,27.78,1,6,6,,,,5,6,4,,,,,6,4951,新田洋一,25,広島,55.0,B1,3.33,8.33,2.71,,27,36.8,20,29.44,6,,,,,,3,6,5,,,,44
201903141006,やよい第２戦,第5日,2019-03-14,ボートレース三国,6R,一般,1800,12:53,1,4452,松尾 祭,31,香川,52.0,A2,5.85,39.32,7.21,58.14,11,30.77,27,38.64,1,,,,,,5,5,1,2,6,,11,2,3392,小森信雄,53,三重,54.0,B1,4.51,20.62,,,33,46.55,37,37.74,5,,,,,,4,5,,,,,33,3,4228,吉田慎二,35,愛知,57.0,B1,4.33,22.35,4.57,20.0,14,32.61,18,24.3,6,4,4,,,,1,,,,,,64,4,3680,森林 太,45,長崎,54.0,B1,4.04,21.62,5.09,27.27,59,32.63,71,31.46,4,1,5,,,,1,4,4,3,,,10,5,3521,今村賢二,50,福岡,58.0,B1,3.32,12.28,3.94,16.67,69,37.82,45,35.64,4,,,,,,6,5,6,,,,15,6,4986,西山祐希,21,兵庫,51.0,B2,1.3,,1.12,,44,30.88,52,34.26,6,,,,,,6,6,6,,,,55
201903141007,やよい第２戦,第5日,2019-03-14,ボートレース三国,7R,一般,1800,13:23,1,4490,椎原 健,32,滋賀,52.0,B2,2.73,10.45,1.96,3.85,45,32.61,53,32.86,5,,,,,,5,5,6,,,,65,2,3755,吉村和也,47,長崎,51.0,B1,4.36,22.22,4.83,34.48,52,44.74,61,48.36,5,5,3,,,,1,,,,,,45,3,5012,加倉侑征,21,福岡,52.0,B1,2.91,8.57,,,43,33.19,48,35.27,3,,,,,,5,1,6,6,6,,2,4,4566,塩田北斗,31,福岡,53.0,A1,6.1,44.53,6.4,35.0,31,41.71,12,29.44,4,4,3,4,1,,1,1,,,,,,5,5044,渡邉 健,19,東京,56.0,B1,2.54,3.95,,,20,36.21,62,28.17,6,,,,,,5,4,3,,,,15,6,3433,諏訪忠宏,50,埼玉,55.0,B1,4.55,29.89,4.68,23.68,36,35.86,40,37.44,6,2,2,,,,4,5,5,,,,3
201903141008,やよい第２戦,第5日,2019-03-14,ボートレース三国,8R,一般,1800,13:54,1,4915,彦坂径冶,22,愛知,56.0,B2,2.03,,1.43,,54,32.13,38,39.07,6,,,,,,4,5,5,,,,6,2,4520,高倉孝太,31,福井,48.0,B1,4.66,25.21,5.17,29.51,13,36.91,44,43.96,3,6,2,,,,6,2,3,,,,3,3,3488,柳田英明,52,東京,52.0,A2,5.14,29.55,5.84,42.11,38,31.42,36,30.33,3,4,5,,,,2,3,2,3,,,2,4,3910,松下知幸,45,香川,51.0,B1,4.46,24.78,4.58,31.58,32,35.48,26,32.26,3,5,3,,,,5,4,3,,,,1,5,3054,北川幸典,56,広島,57.0,A1,6.11,41.25,6.0,42.11,64,35.34,68,23.86,1,6,3,6,2,,1,1,,,,,,6,3964,宮地博士,40,長崎,54.0,B1,4.46,21.84,4.37,5.26,58,44.29,69,26.09,4,,,,,,3,6,5,4,3,,1
201903141009,やよい第２戦,第5日,2019-03-14,ボートレース三国,9R,一般,1800,14:26,1,3362,間嶋仁志,49,三重,53.0,A1,6.76,54.84,6.6,46.67,29,27.41,57,37.21,5,5,1,1,6,,5,,,,,,,2,3578,塩田雄一,46,香川,50.0,B1,5.0,29.03,5.78,43.75,65,37.14,14,38.46,4,1,6,,,,3,6,6,,,,4,3,2844,田中伸二,61,広島,51.0,B1,5.1,29.35,5.25,30.0,68,42.79,67,34.11,5,,,,,,1,4,5,,,,52,4,3811,石田章央,43,静岡,54.0,A2,6.33,49.25,6.55,55.0,17,33.04,24,31.78,2,,,,,,3,5,3,5,2,2,4,5,3710,吉永泰弘,44,香川,57.0,B1,4.72,29.35,5.22,32.43,66,38.74,39,36.23,4,2,4,,,,4,3,,,,,5,6,4752,西尾亮輔,30,愛知,51.0,B2,4.2,20.37,4.09,18.75,30,43.84,51,33.0,4,,,,,,4,4,3,,,,31
201903141010,やよい第２戦,第5日,2019-03-14,ボートレース三国,10R,選抜戦,1800,15:02,1,3343,齊藤寛人,53,福井,53.0,A2,5.57,37.68,5.75,36.0,15,38.79,11,27.1,1,4,3,2,3,,3,3,,,,,4,2,3680,森林 太,45,長崎,54.0,B1,4.04,21.62,5.09,27.27,59,32.63,71,31.46,4,1,5,,,,1,4,4,3,,,6,3,3761,山本光雄,47,滋賀,53.0,A2,6.16,45.36,5.55,35.9,61,37.66,23,47.47,3,5,2,,,,2,3,3,4,,,2,4,3268,森 竜也,53,三重,53.0,A1,6.45,50.0,5.97,36.36,63,32.05,41,36.62,1,3,6,3,1,,1,,,,,,,5,4357,田中和也,34,大阪,55.0,A2,6.58,53.98,6.95,55.0,48,35.84,15,34.31,1,6,2,,,,1,2,2,6,,,3,6,4339,平瀬城啓,34,福井,52.0,B1,4.08,23.33,3.88,16.79,35,29.61,65,29.38,4,,,,,,6,2,2,2,2,6,5
201903141011,やよい第２戦,第5日,2019-03-14,ボートレース三国,11R,選抜戦,1800,15:39,1,3054,北川幸典,56,広島,57.0,A1,6.11,41.25,6.0,42.11,64,35.34,68,23.86,1,6,3,6,2,,8,,,,,,,2,3915,繁野谷圭,44,大阪,52.0,A2,6.57,44.44,5.31,33.33,41,32.63,25,40.76,1,2,1,3,1,,6,4,,,,,4,3,3870,寺嶋 雄,43,福井,52.0,B1,4.58,22.68,5.2,33.95,16,38.22,72,34.13,2,,,,,,1,4,2,4,4,4,2,4,4264,長尾章平,34,山口,52.0,A1,6.35,38.94,6.64,45.45,46,28.14,17,30.19,3,1,2,1,5,,3,,,,,,,5,4566,塩田北斗,31,福岡,53.0,A1,6.1,44.53,6.4,35.0,31,41.71,12,29.44,4,4,3,4,1,,7,,,,,,,6,4452,松尾 祭,31,香川,52.0,A2,5.85,39.32,7.21,58.14,11,30.77,27,38.64,1,,,,,,5,5,1,2,6,,6
201903141012,やよい第２戦,第5日,2019-03-14,ボートレース三国,12R,優勝戦,1800,16:19,1,4052,興津 藍,37,徳島,50.0,A1,6.72,47.71,6.8,46.34,67,30.7,59,40.09,3,1,3,1,3,,,,,,,,,2,3983,須藤博倫,41,埼玉,51.0,A1,6.9,46.46,7.19,62.5,70,36.89,21,40.37,3,2,1,1,4,,,,,,,,,3,4601,森野正弘,34,山口,54.0,A1,6.62,50.0,5.44,25.0,34,32.59,34,29.58,2,3,2,3,3,,,,,,,,,4,4150,山田雄太,36,静岡,58.0,A2,6.48,47.1,5.35,30.0,26,40.43,33,27.57,2,2,1,2,1,,2,2,,,,,,5,4446,和田兼輔,32,兵庫,51.0,A1,5.84,35.51,6.25,42.11,51,41.78,43,22.33,2,3,2,1,4,,,,,,,,,6,3293,宮内由紀,53,東京,52.0,B1,4.41,17.24,3.4,6.67,57,31.42,70,29.38,2,6,2,,,,4,3,1,2,,,
201903140801,ルーキーシリーズ第５戦スカパー！・第２０回ＪＬＣ杯,第2日,2019-03-14,ボートレース常滑,1R,予選,1800,11:04,1,5002,上田健太,23,愛知,51.0,B1,3.93,19.12,2.52,12.12,42,50.0,38,33.11,4,,,,,,1,0,,,,,,2,4946,船越健吾,26,香川,54.0,B1,2.77,6.1,,,62,35.71,22,40.94,5,6,,,,,,,,,,,,3,4860,伏見 卓,30,愛知,55.0,B1,3.63,18.31,3.41,14.29,37,31.03,28,29.49,4,,,,,,8,,,,,,,4,5017,澤田尚也,20,滋賀,52.0,B1,4.31,16.52,2.83,16.67,11,24.56,27,31.93,5,,,,,,1,1,,,,,,5,5016,宮田龍馬,20,兵庫,57.0,B2,1.6,,,,53,35.82,71,38.24,5,6,,,,,,,,,,,,6,4917,岩橋裕馬,30,兵庫,52.0,B1,3.27,11.34,1.0,,50,26.56,48,36.42,5,,,,,,7,,,,,,
201903140802,ルーキーシリーズ第５戦スカパー！・第２０回ＪＬＣ杯,第2日,2019-03-14,ボートレース常滑,2R,予選,1800,11:30,1,4960,黒野元基,22,愛知,51.0,B1,5.81,40.37,4.53,25.45,46,31.67,58,32.62,5,1,,,,,,,,,,,,2,4876,梅木敬太,24,福井,53.0,B1,4.79,27.35,3.0,15.38,43,30.36,67,29.88,3,,,,,,6,,,,,,,3,4789,古賀智之,29,福岡,53.0,B1,5.18,30.0,4.58,25.0,19,23.21,24,39.24,4,,,,,,7,,,,,,,4,5035,櫻井 優,21,埼玉,53.0,B2,2.26,6.45,1.17,,4,29.63,32,33.33,6,,,,,,8,,,,,,,5,4907,小池修平,23,大阪,55.0,B1,5.24,30.99,9.17,83.33,38,32.14,56,36.71,2,,,,,,9,,,,,,,6,4815,伏島祐介,28,東京,52.0,B1,5.03,32.58,3.38,,54,40.0,63,33.13,4,6,,,,,,,,,,,
201903140803,ルーキーシリーズ第５戦スカパー！・第２０回ＪＬＣ杯,第2日,2019-03-14,ボートレース常滑,3R,予選,1800,11:57,1,4859,染川直哉,31,埼玉,51.0,B1,3.91,20.0,2.62,7.69,30,17.54,13,25.93,4,,,,,,1,0,,,,,,2,4983,前田篤哉,22,愛知,51.0,A2,5.42,35.0,4.36,25.0,48,22.41,43,46.75,4,6,,,,,1,1,,,,,,3,4778,堤 啓輔,33,佐賀,50.0,B1,4.92,34.62,,,47,32.81,61,34.38,2,3,,,,,9,,,,,,,4,4943,八木治樹,28,愛知,53.0,B1,3.32,11.34,2.65,7.02,49,41.43,72,32.48,3,2,,,,,8,,,,,,,5,5024,古場健也,23,福井,54.0,B2,1.59,1.85,,,27,49.18,34,32.39,6,,,,,,7,,,,,,,6,4822,百武 翔,26,佐賀,51.0,A2,4.84,26.74,4.8,30.0,55,44.62,31,36.42,2,,,,,,1,2,,,,,
201903140804,ルーキーシリーズ第５戦スカパー！・第２０回ＪＬＣ杯,第2日,2019-03-14,ボートレース常滑,4R,予選,1800,12:27,1,4828,松山将吾,24,滋賀,51.0,A2,6.06,43.08,6.05,40.91,20,24.14,51,34.73,5,,,,,,1,2,,,,,,2,4979,中野夢斗,22,愛知,52.0,B1,3.56,12.33,2.48,8.7,18,13.79,50,34.59,4,1,,,,,,,,,,,,3,4769,馬場 剛,26,東京,51.0,A2,5.34,38.0,4.33,16.67,33,33.33,17,38.31,2,4,,,,,9,,,,,,,4,4584,村岡賢人,29,岡山,51.0,A1,6.92,46.94,6.53,47.37,23,18.03,57,27.5,3,2,,,,,1,0,,,,,,5,4895,門間雄大,27,東京,54.0,B1,3.95,15.09,4.15,25.0,3,25.45,47,46.34,2,,,,,,8,,,,,,,6,4905,土井祥伍,24,大阪,54.0,B1,3.98,19.23,,,14,22.58,69,28.95,1,,,,,,1,1,,,,,
201903140805,ルーキーシリーズ第５戦スカパー！・第２０回ＪＬＣ杯,第2日,2019-03-14,ボートレース常滑,5R,予選,1800,12:58,1,4719,上條暢嵩,25,大阪,52.0,A1,7.33,54.55,7.25,54.72,56,42.03,65,33.54,1,1,,,,,9,,,,,,,2,4910,中村泰平,23,愛知,52.0,B1,6.04,46.07,3.79,21.15,6,33.33,35,34.76,1,,,,,,1,2,,,,,,3,4889,後藤盛也,30,東京,53.0,B1,3.79,18.67,2.74,11.11,63,35.0,41,38.55,1,6,,,,,,,,,,,,4,4776,竹田和哉,25,香川,55.0,A2,5.97,40.83,4.25,12.5,57,41.27,74,29.23,1,,,,,,1,1,,,,,,5,4537,渡邉和将,29,岡山,52.0,A1,6.84,51.11,6.79,48.94,17,24.07,14,29.17,4,,,,,,1,0,,,,,,6,4809,外崎 悟,30,埼玉,52.0,B1,4.99,27.03,3.73,18.18,9,25.93,49,35.5,1,4,,,,,,,,,,,
201903140806,ルーキーシリーズ第５戦スカパー！・第２０回ＪＬＣ杯,第2日,2019-03-14,ボートレース常滑,6R,予選,1800,13:29,1,4957,竹之内極,23,福岡,56.0,B1,3.58,14.08,,,13,34.55,40,33.12,2,6,,,,,,,,,,,,2,4826,井上一輝,24,大阪,50.0,A2,5.18,31.82,4.13,19.67,16,33.93,20,33.33,1,2,,,,,1,0,,,,,,3,4876,梅木敬太,24,福井,53.0,B1,4.79,27.35,3.0,15.38,43,30.36,67,29.88,3,,,,,,2,,,,,,,4,4886,入海 馨,23,岡山,56.0,A2,6.07,44.64,4.86,28.57,28,45.9,75,35.57,3,,,,,,1,2,,,,,,5,4930,佐藤 悠,23,福井,57.0,B2,3.54,12.96,1.92,,52,34.78,45,27.21,3,4,,,,,,,,,,,,6,4754,松尾 充,30,三重,50.0,A2,6.25,42.86,6.17,50.0,65,28.3,60,35.26,3,3,,,,,1,1,,,,,
201903140807,ルーキーシリーズ第５戦スカパー！・第２０回ＪＬＣ杯,第2日,2019-03-14,ボートレース常滑,7R,予選,1800,14:00,1,4789,古賀智之,29,福岡,53.0,B1,5.18,30.0,4.58,25.0,19,23.21,24,39.24,4,,,,,,2,,,,,,,2,4856,豊田健士,23,三重,53.0,A2,6.41,45.21,5.14,31.03,29,28.81,73,27.78,5,3,,,,,,,,,,,,3,4917,岩橋裕馬,30,兵庫,52.0,B1,3.27,11.34,1.0,,50,26.56,48,36.42,5,,,,,,1,,,,,,,4,5024,古場健也,23,福井,54.0,B2,1.59,1.85,,,27,49.18,34,32.39,6,,,,,,3,,,,,,,5,4928,栗城 匠,23,東京,51.0,A2,4.02,21.43,4.29,14.29,34,15.09,52,33.13,3,5,,,,,1,1,,,,,,6,4659,木下翔太,27,大阪,55.0,A1,7.03,46.83,5.4,40.0,41,18.18,39,39.29,5,4,,,,,1,2,,,,,
201903140808,ルーキーシリーズ第５戦スカパー！・第２０回ＪＬＣ杯,第2日,2019-03-14,ボートレース常滑,8R,予選,1800,14:31,1,4943,八木治樹,28,愛知,53.0,B1,3.32,11.34,2.65,7.02,49,41.43,72,32.48,3,2,,,,,3,,,,,,,2,4895,門間雄大,27,東京,54.0,B1,3.95,15.09,4.15,25.0,3,25.45,47,46.34,2,,,,,,4,,,,,,,3,4688,永井彪也,26,東京,51.0,A1,6.7,45.76,5.78,30.43,32,23.73,55,33.77,2,5,,,,,1,2,,,,,,4,4860,伏見 卓,30,愛知,55.0,B1,3.63,18.31,3.41,14.29,37,31.03,28,29.49,4,,,,,,1,,,,,,,5,5036,福田翔吾,21,大阪,52.0,B1,2.75,11.48,,,44,28.81,44,37.2,6,6,,,,,,,,,,,,6,5035,櫻井 優,21,埼玉,53.0,B2,2.26,6.45,1.17,,4,29.63,32,33.33,6,,,,,,2,,,,,,
201903140809,ルーキーシリーズ第５戦スカパー！・第２０回ＪＬＣ杯,第2日,2019-03-14,ボートレース常滑,9R,予選,1800,15:02,1,4759,今泉友吾,29,東京,51.0,A2,6.67,42.98,5.76,38.1,22,40.74,30,31.82,3,2,,,,,,,,,,,,2,4719,上條暢嵩,25,大阪,52.0,A1,7.33,54.55,7.25,54.72,56,42.03,65,33.54,1,1,,,,,5,,,,,,,3,4907,小池修平,23,大阪,55.0,B1,5.24,30.99,9.17,83.33,38,32.14,56,36.71,2,,,,,,2,,,,,,,4,4852,川原祐明,24,香川,51.0,A2,5.56,29.63,4.31,25.0,60,27.12,53,32.72,1,3,,,,,,,,,,,,5,4769,馬場 剛,26,東京,51.0,A2,5.34,38.0,4.33,16.67,33,33.33,17,38.31,2,4,,,,,4,,,,,,,6,4778,堤 啓輔,33,佐賀,50.0,B1,4.92,34.62,,,47,32.81,61,34.38,2,3,,,,,3,,,,,,
201903140810,ルーキーシリーズ第５戦スカパー！・第２０回ＪＬＣ杯,第2日,2019-03-14,ボートレース常滑,10R,予選特賞,1800,15:35,1,4537,渡邉和将,29,岡山,52.0,A1,6.84,51.11,6.79,48.94,17,24.07,14,29.17,4,,,,,,5,,,,,,,2,4908,上田龍星,23,大阪,51.0,A2,6.19,46.61,5.86,42.86,1,33.33,15,32.05,1,2,,,,,,,,,,,,3,5002,上田健太,23,愛知,51.0,B1,3.93,19.12,2.52,12.12,42,50.0,38,33.11,4,,,,,,1,,,,,,,4,4826,井上一輝,24,大阪,50.0,A2,5.18,31.82,4.13,19.67,16,33.93,20,33.33,1,2,,,,,6,,,,,,,5,4859,染川直哉,31,埼玉,51.0,B1,3.91,20.0,2.62,7.69,30,17.54,13,25.93,4,,,,,,3,,,,,,,6,4584,村岡賢人,29,岡山,51.0,A1,6.92,46.94,6.53,47.37,23,18.03,57,27.5,3,2,,,,,4,,,,,,
201903140811,ルーキーシリーズ第５戦スカパー！・第２０回ＪＬＣ杯,第2日,2019-03-14,ボートレース常滑,11R,予選特選,1800,16:10,1,4983,前田篤哉,22,愛知,51.0,A2,5.42,35.0,4.36,25.0,48,22.41,43,46.75,4,6,,,,,3,,,,,,,2,4928,栗城 匠,23,東京,51.0,A2,4.02,21.43,4.29,14.29,34,15.09,52,33.13,3,5,,,,,7,,,,,,,3,4905,土井祥伍,24,大阪,54.0,B1,3.98,19.23,,,14,22.58,69,28.95,1,,,,,,4,,,,,,,4,4754,松尾 充,30,三重,50.0,A2,6.25,42.86,6.17,50.0,65,28.3,60,35.26,3,3,,,,,6,,,,,,,5,5017,澤田尚也,20,滋賀,52.0,B1,4.31,16.52,2.83,16.67,11,24.56,27,31.93,5,,,,,,1,,,,,,,6,4776,竹田和哉,25,香川,55.0,A2,5.97,40.83,4.25,12.5,57,41.27,74,29.23,1,,,,,,5,,,,,,
201903140812,ルーキーシリーズ第５戦スカパー！・第２０回ＪＬＣ杯,第2日,2019-03-14,ボートレース常滑,12R,予選特選,1800,16:47,1,4688,永井彪也,26,東京,51.0,A1,6.7,45.76,5.78,30.43,32,23.73,55,33.77,2,5,,,,,8,,,,,,,2,4822,百武 翔,26,佐賀,51.0,A2,4.84,26.74,4.8,30.0,55,44.62,31,36.42,2,,,,,,3,,,,,,,3,4828,松山将吾,24,滋賀,51.0,A2,6.06,43.08,6.05,40.91,20,24.14,51,34.73,5,,,,,,4,,,,,,,4,4659,木下翔太,27,大阪,55.0,A1,7.03,46.83,5.4,40.0,41,18.18,39,39.29,5,4,,,,,7,,,,,,,5,4886,入海 馨,23,岡山,56.0,A2,6.07,44.64,4.86,28.57,28,45.9,75,35.57,3,,,,,,6,,,,,,,6,4910,中村泰平,23,愛知,52.0,B1,6.04,46.07,3.79,21.15,6,33.33,35,34.76,1,,,,,,5,,,,,,
201903140701,蒲郡商工会議所会頭杯争奪第４８回蒲郡大賞典,第3日,2019-03-14,ボートレース蒲郡,1R,予選,1800,15:21,1,3614,谷 勝幸,46,広島,54.0,B1,4.43,26.55,4.72,34.38,49,29.35,17,25.3,5,,,,,,5,3,,,,,,2,4253,西川真人,35,滋賀,56.0,B1,4.68,23.36,4.06,22.22,18,35.0,13,36.41,5,6,5,,,,,,,,,,,3,4701,福本 悠,31,大阪,53.0,B2,3.77,12.28,3.25,15.0,73,36.54,75,29.94,4,6,1,,,,1,0,,,,,,4,5061,中村駿平,21,愛知,51.0,B2,1.36,,1.29,,76,34.16,53,30.77,,,,,,,6,,,,,,7,5,4248,岡本 大,36,長崎,55.0,B1,4.91,29.49,4.09,21.21,61,29.81,34,31.1,3,5,4,,,,9,,,,,,,6,4976,金山立樹,25,東京,53.0,B2,2.59,9.38,3.18,17.65,29,37.93,61,35.68,3,6,,,,,8,,,,,,
201903140702,蒲郡商工会議所会頭杯争奪第４８回蒲郡大賞典,第3日,2019-03-14,ボートレース蒲郡,2R,予選,1800,15:49,1,4603,谷川将太,31,長崎,52.0,B1,4.8,28.0,4.11,22.22,48,43.81,69,36.08,2,4,6,,,,1,1,,,,,,2,4231,鈴木裕隆,35,愛知,59.0,B1,4.75,30.11,4.92,30.0,40,49.49,71,29.61,1,,,,,,6,4,,,,,7,3,3419,栗原謙治,49,群馬,54.0,B1,4.41,23.53,2.79,5.26,72,43.68,19,34.63,2,3,6,,,,9,,,,,,,4,4788,小池哲也,29,大阪,55.0,B1,5.23,29.11,4.38,23.53,68,33.68,70,28.47,6,,,,,,6,5,,,,,,5,4333,村田友也,35,徳島,64.0,B1,4.2,21.74,4.33,22.22,34,37.31,33,40.72,6,5,4,,,,,,,,,,,6,3398,有田 岳,52,埼玉,49.0,B2,3.74,18.6,4.33,11.11,28,29.41,52,38.38,6,,,,,,5,6,,,,,
201903140703,蒲郡商工会議所会頭杯争奪第４８回蒲郡大賞典,第3日,2019-03-14,ボートレース蒲郡,3R,予選,1800,16:18,1,3734,宮田政勝,45,福岡,54.0,B1,4.63,25.0,4.4,20.0,11,37.31,23,31.68,3,,,,,,2,4,,,,,12,2,3722,西村秀樹,48,福岡,52.0,B1,4.7,17.19,5.0,31.25,54,35.21,11,33.81,6,,,,,,3,5,,,,,,3,3681,山谷 央,45,東京,51.0,A2,5.8,41.82,5.0,20.0,45,32.68,59,38.42,5,,,,,,5,2,,,,,7,4,4251,川崎誠志,36,山口,52.0,B1,4.09,23.08,3.96,20.83,69,29.84,64,26.29,1,3,6,,,,1,1,,,,,,5,4199,北川潤二,36,愛知,56.0,A2,5.56,37.98,5.86,43.08,25,29.68,27,32.0,5,2,5,,,,8,,,,,,,6,4494,河合佑樹,31,静岡,50.0,A1,6.97,55.46,6.48,45.16,77,27.36,32,37.06,2,1,3,1,,,9,,,,,,
201903140704,蒲郡商工会議所会頭杯争奪第４８回蒲郡大賞典,第3日,2019-03-14,ボートレース蒲郡,4R,予選,1800,16:47,1,3880,浅見宗孝,46,埼玉,56.0,B1,4.42,24.0,4.36,36.36,70,28.78,55,33.69,2,6,4,5,,,,,,,,,,2,3906,飯山晃三,41,長崎,60.0,B1,5.76,40.83,5.83,46.67,16,41.94,65,39.25,5,1,1,,,,8,,,,,,,3,4053,芦澤 望,41,東京,55.0,A2,6.13,46.21,6.53,52.63,39,36.04,54,31.82,2,4,3,,,,9,,,,,,,4,3283,窪田好弘,51,福井,56.0,B1,4.23,25.0,,,67,42.78,36,34.62,4,5,1,,,,1,2,,,,,,5,3654,武田光史,45,福井,53.0,A1,7.31,58.27,4.5,12.5,41,37.8,21,33.52,1,3,1,3,,,1,0,,,,,,6,4435,服部達哉,32,愛知,55.0,A2,5.85,39.81,5.26,31.11,26,32.38,26,33.51,4,,,,,,3,2,,,,,11
201903140705,蒲郡商工会議所会頭杯争奪第４８回蒲郡大賞典,第3日,2019-03-14,ボートレース蒲郡,5R,予選,1800,17:15,1,4363,大野芳顕,34,福岡,53.0,B1,5.64,37.19,4.0,10.0,46,32.87,22,31.55,3,3,5,,,,1,0,,,,,,2,4608,荒井翔伍,29,東京,54.0,A1,6.09,40.14,6.73,45.45,59,43.53,31,39.44,5,,,,,,6,5,,,,,9,3,4015,前野竜一,39,山口,61.0,A2,6.41,46.21,4.65,25.0,22,35.35,60,34.21,1,,,,,,1,5,,,,,12,4,2941,田嶋 茂,59,群馬,51.0,B1,4.0,20.0,3.72,10.34,51,27.78,73,32.0,3,,,,,,4,2,,,,,,5,3849,中岡正彦,41,香川,52.0,A1,7.01,60.68,8.12,76.47,33,52.91,67,24.6,2,4,1,1,,,1,1,,,,,,6,3186,沖 悟,58,大阪,52.0,B1,4.67,23.96,3.57,14.29,62,33.48,24,41.97,1,6,2,5,,,,,,,,,
201903140706,蒲郡商工会議所会頭杯争奪第４８回蒲郡大賞典,第3日,2019-03-14,ボートレース蒲郡,6R,予選,1800,17:44,1,3448,高山秀雄,49,群馬,52.0,B1,4.64,23.91,5.54,30.77,12,36.61,20,21.08,5,,,,,,2,4,,,,,,2,4174,赤坂俊輔,36,長崎,50.0,A1,6.64,46.73,5.5,12.5,35,35.68,63,41.18,4,5,2,3,,,1,2,,,,,,3,3497,後藤 浩,50,埼玉,51.0,A2,5.96,42.31,4.95,27.27,65,36.87,14,37.5,1,2,3,,,,1,1,,,,,,4,3025,山口哲治,57,長崎,50.0,B1,4.42,21.18,4.23,16.67,17,48.55,35,35.32,3,,,,,,3,6,,,,,,5,3800,牧 宏次,45,東京,52.0,A1,6.3,48.48,7.17,50.0,20,32.62,30,34.22,1,1,3,,,,1,0,,,,,,6,3718,伊達正利,44,静岡,55.0,B1,4.97,28.18,5.0,31.71,27,46.11,51,32.65,1,,,,,,2,2,,,,,
201903140707,蒲郡商工会議所会頭杯争奪第４８回蒲郡大賞典,第3日,2019-03-14,ボートレース蒲郡,7R,予選 進入固定 Ｈ１８０,ｍ電,18:13,1,3681,山谷 央,45,東京,51.0,A2,5.8,41.82,5.0,20.0,45,32.68,59,38.42,5,,,,,,5,2,,,,,3,2,3105,内山文典,55,東京,55.0,B1,5.77,39.18,4.82,29.41,36,35.64,12,21.82,3,,,,,,2,4,,,,,,3,4231,鈴木裕隆,35,愛知,59.0,B1,4.75,30.11,4.92,30.0,40,49.49,71,29.61,1,,,,,,6,4,,,,,2,4,4459,片岡雅裕,33,香川,51.0,A1,6.82,52.24,6.21,41.67,19,42.86,29,36.87,4,6,1,2,,,1,1,,,,,,5,4574,東 潤樹,30,広島,52.0,A2,5.64,38.28,5.54,39.29,14,35.83,16,36.84,5,4,3,,,,1,2,,,,,,6,5061,中村駿平,21,愛知,51.0,B2,1.36,,1.29,,76,34.16,53,30.77,,,,,,,6,,,,,,1
201903140708,蒲郡商工会議所会頭杯争奪第４８回蒲郡大賞典,第3日,2019-03-14,ボートレース蒲郡,8R,予選,1800,18:42,1,4199,北川潤二,36,愛知,56.0,A2,5.56,37.98,5.86,43.08,25,29.68,27,32.0,5,2,5,,,,3,,,,,,,2,4685,島村隆幸,28,徳島,50.0,A1,6.45,50.0,6.17,38.89,53,27.4,72,25.17,4,3,2,1,,,,,,,,,,3,4022,待鳥雄紀,39,福岡,57.0,A2,5.82,42.55,5.8,50.0,24,31.31,18,29.8,4,6,1,,,,,,,,,,,4,4976,金山立樹,25,東京,53.0,B2,2.59,9.38,3.18,17.65,29,37.93,61,35.68,3,6,,,,,1,,,,,,,5,3906,飯山晃三,41,長崎,60.0,B1,5.76,40.83,5.83,46.67,16,41.94,65,39.25,5,1,1,,,,4,,,,,,,6,4084,杉山正樹,39,愛知,53.0,A1,6.85,47.89,6.9,51.19,30,35.6,28,32.34,2,2,4,1,,,1,2,,,,,
201903140709,蒲郡商工会議所会頭杯争奪第４８回蒲郡大賞典,第3日,2019-03-14,ボートレース蒲郡,9R,予選,1800,19:12,1,4053,芦澤 望,41,東京,55.0,A2,6.13,46.21,6.53,52.63,39,36.04,54,31.82,2,4,3,,,,4,,,,,,,2,4494,河合佑樹,31,静岡,50.0,A1,6.97,55.46,6.48,45.16,77,27.36,32,37.06,2,1,3,1,,,3,,,,,,,3,4248,岡本 大,36,長崎,55.0,B1,4.91,29.49,4.09,21.21,61,29.81,34,31.1,3,5,4,,,,1,,,,,,,4,4711,前出達吉,29,福井,51.0,A2,5.65,39.6,5.22,33.33,60,39.79,15,31.22,1,,,,,,4,6,,,,,,5,4608,荒井翔伍,29,東京,54.0,A1,6.09,40.14,6.73,45.45,59,43.53,31,39.44,5,,,,,,6,5,,,,,5,6,3419,栗原謙治,49,群馬,54.0,B1,4.41,23.53,2.79,5.26,72,43.68,19,34.63,2,3,6,,,,2,,,,,,
201903140710,蒲郡商工会議所会頭杯争奪第４８回蒲郡大賞典,第3日,2019-03-14,ボートレース蒲郡,10R,予選特賞,1800,19:42,1,3654,武田光史,45,福井,53.0,A1,7.31,58.27,4.5,12.5,41,37.8,21,33.52,1,3,1,3,,,4,,,,,,,2,4914,吉田裕平,22,愛知,52.0,A2,6.58,47.66,5.18,30.65,56,30.88,62,38.76,2,4,3,4,,,,,,,,,,3,4363,大野芳顕,34,福岡,53.0,B1,5.64,37.19,4.0,10.0,46,32.87,22,31.55,3,3,5,,,,5,,,,,,,4,3800,牧 宏次,45,東京,52.0,A1,6.3,48.48,7.17,50.0,20,32.62,30,34.22,1,1,3,,,,6,,,,,,,5,4146,柳橋宏紀,37,滋賀,52.0,A2,5.61,41.11,5.0,25.0,52,32.37,77,38.04,2,,,,,,4,6,,,,,,6,4701,福本 悠,31,大阪,53.0,B2,3.77,12.28,3.25,15.0,73,36.54,75,29.94,4,6,1,,,,1,,,,,,
201903140711,蒲郡商工会議所会頭杯争奪第４８回蒲郡大賞典,第3日,2019-03-14,ボートレース蒲郡,11R,予選特選,1800,20:13,1,4459,片岡雅裕,33,香川,51.0,A1,6.82,52.24,6.21,41.67,19,42.86,29,36.87,4,6,1,2,,,7,,,,,,,2,3497,後藤 浩,50,埼玉,51.0,A2,5.96,42.31,4.95,27.27,65,36.87,14,37.5,1,2,3,,,,6,,,,,,,3,3849,中岡正彦,41,香川,52.0,A1,7.01,60.68,8.12,76.47,33,52.91,41,36.6,2,4,1,1,,,5,,,,,,,4,4435,服部達哉,32,愛知,55.0,A2,5.85,39.81,5.26,31.11,26,32.38,26,33.51,4,,,,,,3,2,,,,,4,5,4603,谷川将太,31,長崎,52.0,B1,4.8,28.0,4.11,22.22,48,43.81,69,36.08,2,4,6,,,,2,,,,,,,6,4251,川崎誠志,36,山口,52.0,B1,4.09,23.08,3.96,20.83,69,29.84,64,26.29,1,3,6,,,,3,,,,,,
201903140712,蒲郡商工会議所会頭杯争奪第４８回蒲郡大賞典,第3日,2019-03-14,ボートレース蒲郡,12R,予選記者特選,1800,20:42,1,4174,赤坂俊輔,36,長崎,50.0,A1,6.64,46.73,5.5,12.5,35,35.68,37,34.85,4,5,2,3,,,6,,,,,,,2,4574,東 潤樹,30,広島,52.0,A2,5.64,38.28,5.54,39.29,14,35.83,16,36.84,5,4,3,,,,7,,,,,,,3,4084,杉山正樹,39,愛知,53.0,A1,6.85,47.89,6.9,51.19,30,35.6,28,32.34,2,2,4,1,,,8,,,,,,,4,4015,前野竜一,39,山口,61.0,A2,6.41,46.21,4.65,25.0,22,35.35,60,34.21,1,,,,,,1,5,,,,,5,5,3734,宮田政勝,45,福岡,54.0,B1,4.63,25.0,4.4,20.0,11,37.31,23,31.68,3,,,,,,2,4,,,,,3,6,3283,窪田好弘,51,福井,56.0,B1,4.23,25.0,,,67,42.78,36,34.62,4,5,1,,,,4,,,,,,
201903140501,１Ｒ  まつりだｏｎ          Ｈ１８００ｍ  電話投票締切予定１１：１８,第3日,2019-03-14,ボートレース多摩川,1R,まつりだｏｎ,1800,11:18,1,4706,三浦洋次,30,愛知,49.0,A2,5.67,38.38,5.53,46.67,29,30.60133,29.90,653.0,7,,,,,,,,,,,,,2,4186,小川時光,38,埼玉,55.0,B1,4.47,25.0,4.24,24.0,31,29.41132,36.80,613.0,5,,,,,,,,,,,,,3,3658,阪本聖秀,44,大阪,52.0,B1,4.08,22.32,4.69,25.0,26,34.78146,36.59,3.0,5,5,,,,,,,,,,,,4,4161,黒柳浩孝,37,愛知,54.0,A2,5.41,36.84,4.43,25.71,64,41.01172,22.12,4.0,2,2,,,,,8,,,,,,,5,4145,小澤 学,37,東京,54.0,B1,3.58,15.28,4.04,22.22,23,34.43178,23.60,5.0,5,5,,,,,,,,,,,,6,4997,濱崎寿里,25,埼玉,54.0,B2,1.79,4.17,,,67,29.67128,34.92,5.0,6,6,,,,,,,,,,,
201903140503,１Ｒ  まつりだｏｎ          Ｈ１８００ｍ  電話投票締切予定１１：１８,第3日,2019-03-14,ボートレース多摩川,3R,予選,1800,12:12,1,3498,白石浩二,50,兵庫,53.0,B1,4.02,17.24,5.0,33.33,63,35.65145,37.10,146.0,8,,,,,,,,,,,,,2,3815,森岡満郎,42,岡山,54.0,B1,5.89,40.22,5.91,27.27,33,53.85143,38.89,121.0,1,2,,,,,,,,,,,,3,4388,是澤孝宏,33,滋賀,50.0,A2,6.3,44.44,5.89,55.56,34,44.70137,42.28,435.0,1,0,,,,,,,,,,,,4,4027,松江秀徳,41,佐賀,55.0,A2,6.37,48.46,6.0,42.86,53,36.99138,28.57,3.0,3,1,,,,,1,1,,,,,,5,3277,齋藤 勇,52,東京,52.0,B1,4.88,29.17,4.17,18.64,11,31.17161,35.43,253.0,9,,,,,,,,,,,,,6,4372,原田佑実,31,大阪,46.0,A2,6.52,53.26,6.45,63.64,21,39.0118,43.09,166.0,7,,,,,,,,,,,,
201903140504,１Ｒ  まつりだｏｎ          Ｈ１８００ｍ  電話投票締切予定１１：１８,第3日,2019-03-14,ボートレース多摩川,4R,予選,1800,12:40,1,4508,野間大樹,30,大阪,51.0,B1,3.25,12.5,4.5,25.0,48,38.64168,37.90,2.0,4,4,,,,,,,,,,,,2,4731,間野兼礼,29,愛知,51.0,B1,4.87,29.25,6.0,25.0,36,46.21151,37.10,544.0,,,,,,,,,,,,,,3,3430,角浜 修,50,広島,54.0,B1,5.23,30.3,5.1,30.0,54,35.92162,32.79,641.0,9,,,,,,,,,,,,,4,3935,岩津徹郎,41,岡山,55.0,A2,5.8,39.09,5.0,22.22,12,35.14185,31.97,2.0,6,5,,,,,1,0,,,,,,5,4099,吉永則雄,40,大阪,51.0,A1,6.71,51.75,6.95,60.53,14,37.01153,30.40,3445.0,1,1,,,,,,,,,,,,6,2903,山崎 毅,59,福岡,49.0,B1,5.18,31.82,5.56,33.33,56,32.54135,32.00,3.0,3,4,,,,,,,,,,,
201903140505,１Ｒ  まつりだｏｎ          Ｈ１８００ｍ  電話投票締切予定１１：１８,第3日,2019-03-14,ボートレース多摩川,5R,予選,1800,13:08,1,3459,中野和裕,52,佐賀,51.0,B1,3.59,12.07,1.0,,49,33.04169,44.26,5.0,4,2,,,,,,,,,,,,2,4891,寺島美里,29,東京,47.0,B1,3.55,13.19,3.58,15.15,59,29.6317,25.66,256.0,9,,,,,,,,,,,,,3,3576,白水勝也,46,福岡,51.0,A1,7.11,54.84,5.55,54.55,68,36.13177,30.33,253.0,1,2,,,,,,,,,,,,4,4186,小川時光,38,埼玉,55.0,B1,4.47,25.0,4.24,24.0,31,29.41132,36.80,613.0,1,,,,,,,,,,,,,5,4172,森定晃史,36,岡山,51.0,A2,6.59,48.24,6.28,38.46,37,34.51176,30.63,223.0,1,0,,,,,,,,,,,,6,4734,安河内将,29,佐賀,53.0,A1,5.96,37.36,6.97,55.17,72,38.28183,28.57,3.0,2,3,,,,,1,1,,,,,
201903140506,１Ｒ  まつりだｏｎ          Ｈ１８００ｍ  電話投票締切予定１１：１８,第3日,2019-03-14,ボートレース多摩川,6R,予選,1800,13:36,1,4661,中島昂章,27,佐賀,51.0,B1,4.72,22.32,3.88,25.0,62,33.8513,38.21,365.0,9,,,,,,,,,,,,,2,4102,益田啓司,39,福岡,54.0,A1,6.02,43.51,5.33,38.89,46,32.19134,22.45,4122.0,1,2,,,,,,,,,,,,3,3582,吉川昭男,46,滋賀,52.0,A1,6.83,55.64,6.03,39.39,65,46.56122,27.78,1221.0,1,0,,,,,,,,,,,,4,3486,渋田治代,52,福岡,52.0,B1,4.74,23.68,4.5,25.0,15,35.04125,33.33,4.0,2,5,,,,,,,,,,,,5,3748,小黒竜吾,43,埼玉,56.0,B1,4.31,22.73,4.63,22.22,35,28.57158,29.75,6.0,1,4,,,,,1,1,,,,,,6,3826,村田修次,45,東京,52.0,A2,6.36,44.34,6.86,56.52,66,28.35179,24.47,1124.0,,,,,,,,,,,,,
201903140507,１Ｒ  まつりだｏｎ          Ｈ１８００ｍ  電話投票締切予定１１：１８,第3日,2019-03-14,ボートレース多摩川,7R,予選,1800,14:05,1,4281,大澤大夢,35,埼玉,53.0,A2,6.04,42.86,5.72,41.38,61,45.38173,34.65,1.0,1,3,,,,,1,2,,,,,,2,4372,原田佑実,31,大阪,46.0,A2,6.52,53.26,6.45,63.64,21,39.0118,43.09,166.0,3,,,,,,,,,,,,,3,3794,前田昭広,46,佐賀,58.0,B1,3.32,18.18,3.78,22.22,45,30.60152,28.46,2.0,1,6,,,,,1,0,,,,,,4,4180,上野秀和,35,福岡,56.0,B1,4.86,32.17,5.0,33.33,18,45.08126,29.79,441.0,1,1,,,,,,,,,,,,5,4706,三浦洋次,30,愛知,49.0,A2,5.67,38.38,5.53,46.67,29,30.60133,29.90,653.0,1,,,,,,,,,,,,,6,4337,平本真之,34,愛知,56.0,A1,7.41,52.38,7.0,33.33,44,31.68131,32.00,2122.0,,,,,,,,,,,,,
201903140508,１Ｒ  まつりだｏｎ          Ｈ１８００ｍ  電話投票締切予定１１：１８,第3日,2019-03-14,ボートレース多摩川,8R,予選,1800,14:34,1,4161,黒柳浩孝,37,愛知,54.0,A2,5.41,36.84,4.43,25.71,64,41.01172,22.12,4.0,2,2,,,,,1,,,,,,,2,3792,田中 豪,46,東京,54.0,A1,5.57,33.33,6.33,43.14,32,37.68157,42.98,131.0,1,2,,,,,,,,,,,,3,4900,中田夕貴,26,埼玉,47.0,B1,4.75,25.0,4.07,26.67,19,33.12181,28.57,5.0,5,,,,,,,,,,,,,4,4163,山崎裕司,37,広島,52.0,A1,6.5,46.46,6.38,47.62,47,39.10154,26.00,4521.0,,,,,,,,,,,,,,5,3498,白石浩二,50,兵庫,53.0,B1,4.02,17.24,5.0,33.33,63,35.65145,37.10,146.0,3,,,,,,,,,,,,,6,4014,片岡恵里,39,山口,50.0,A2,4.91,28.75,6.5,50.0,71,32.61184,35.77,3.0,6,6,,,,,2,,,,,,
201903140509,１Ｒ  まつりだｏｎ          Ｈ１８００ｍ  電話投票締切予定１１：１８,第3日,2019-03-14,ボートレース多摩川,9R,ターゲット９,1800,15:05,1,3158,島川光男,54,広島,53.0,A1,6.43,50.0,6.6,60.0,25,27.18148,28.85,1656.0,,,,,,,,,,,,,,2,3989,熊本英一,40,佐賀,59.0,B1,4.24,20.73,,,27,44.17165,22.95,5.0,4,3,,,,,,,,,,,,3,3277,齋藤 勇,52,東京,52.0,B1,4.88,29.17,4.17,18.64,11,31.17161,35.43,253.0,3,,,,,,,,,,,,,4,3430,角浜 修,50,広島,54.0,B1,5.23,30.3,5.1,30.0,54,35.92162,32.79,641.0,4,,,,,,,,,,,,,5,4661,中島昂章,27,佐賀,51.0,B1,4.72,22.32,3.88,25.0,62,33.8513,38.21,365.0,6,,,,,,,,,,,,,6,4891,寺島美里,29,東京,47.0,B1,3.55,13.19,3.58,15.15,59,29.6317,25.66,256.0,5,,,,,,,,,,,,
201903140510,１Ｒ  まつりだｏｎ          Ｈ１８００ｍ  電話投票締切予定１１：１８,第3日,2019-03-14,ボートレース多摩川,10R,予選特賞,1800,15:37,1,4172,森定晃史,36,岡山,51.0,A2,6.59,48.24,6.28,38.46,37,34.51176,30.63,223.0,5,,,,,,,,,,,,,2,3935,岩津徹郎,41,岡山,55.0,A2,5.8,39.09,5.0,22.22,12,35.14185,31.97,2.0,6,5,,,,,4,,,,,,,3,3705,濱田隆浩,45,大阪,57.0,B1,4.52,31.34,5.04,29.63,57,41.04163,30.83,234.0,2,,,,,,,,,,,,,4,3582,吉川昭男,46,滋賀,52.0,A1,6.83,55.64,6.03,39.39,65,46.56122,27.78,1221.0,6,,,,,,,,,,,,,5,4388,是澤孝宏,33,滋賀,50.0,A2,6.3,44.44,5.89,55.56,34,44.70137,42.28,435.0,3,,,,,,,,,,,,,6,3794,前田昭広,46,佐賀,58.0,B1,3.32,18.18,3.78,22.22,45,30.60152,28.46,2.0,1,6,,,,,7,,,,,,
201903140512,１Ｒ  まつりだｏｎ          Ｈ１８００ｍ  電話投票締切予定１１：１８,第3日,2019-03-14,ボートレース多摩川,12R,記者選抜戦,1800,16:44,1,3576,白水勝也,46,福岡,51.0,A1,7.11,54.84,5.55,54.55,68,36.13177,30.33,253.0,5,,,,,,,,,,,,,2,4281,大澤大夢,35,埼玉,53.0,A2,6.04,42.86,5.72,41.38,61,45.38173,34.65,1.0,1,3,,,,,7,,,,,,,3,4201,佐竹友樹,36,埼玉,52.0,B1,5.72,36.67,4.9,31.03,39,33.97155,36.89,331.0,2,,,,,,,,,,,,,4,3792,田中 豪,46,東京,54.0,A1,5.57,33.33,6.33,43.14,32,37.68157,42.98,131.0,8,,,,,,,,,,,,,5,3815,森岡満郎,42,岡山,54.0,B1,5.89,40.22,5.91,27.27,33,53.85143,38.89,121.0,3,,,,,,,,,,,,,6,4102,益田啓司,39,福岡,54.0,A1,6.02,43.51,5.33,38.89,46,32.19134,22.45,4122.0,6,,,,,,,,,,,,
201903140401,おおた水辺にぎわい競走,第5日,2019-03-14,ボートレース平和島,1R,一般,1800,11:01,1,2538,高橋二朗,69,東京,53.0,B1,4.19,17.14,5.3,30.43,17,25.83,31,33.53,4,,,,,,2,5,4,5,3,,6,2,3630,黒田誠司,49,静岡,52.0,B1,4.42,17.89,4.77,23.08,10,45.28,33,36.62,3,6,4,,,,5,5,3,,,,8,3,4162,竹本太樹,37,大阪,53.0,B1,4.69,28.75,3.67,11.11,46,38.46,35,34.38,1,3,6,4,6,,6,,,,,,5,4,5042,畑田汰一,20,埼玉,54.0,B1,3.07,6.94,2.33,,30,34.59,23,29.45,3,,,,,,4,3,6,,,,35,5,4314,青木幸太,34,福岡,53.0,A2,5.9,45.08,5.14,28.57,60,30.19,46,29.68,5,,,,,,5,2,4,1,4,4,,6,4929,梅内夕貴,23,東京,45.0,B1,2.8,11.11,2.22,6.25,62,48.41,24,35.9,6,5,6,,,,5,5,6,,,,
201903140402,おおた水辺にぎわい競走,第5日,2019-03-14,ボートレース平和島,2R,一般,1800,11:25,1,4807,岡 悠平,30,東京,56.0,B2,3.45,8.93,2.33,6.52,15,35.98,50,38.26,5,,,,,,5,6,4,,,,15,2,3411,池上隆行,49,広島,53.0,B1,3.82,19.7,4.5,25.0,69,31.88,34,26.11,4,,,,,,3,4,6,,,,33,3,3714,梶原 正,44,福岡,56.0,B1,4.99,29.7,5.55,25.81,55,34.81,18,24.54,5,,,,,,2,4,5,6,2,,8,4,4993,下野京香,21,東京,50.0,B2,1.77,5.26,1.43,3.33,39,31.25,40,30.26,6,6,6,,,,6,,,,,,56,5,4523,中村辰也,31,長崎,52.0,A2,6.33,43.7,4.5,12.5,26,46.88,25,41.04,5,2,5,,,,3,5,4,3,,,,6,4854,大橋由珠,24,東京,50.0,B1,3.66,15.79,3.49,14.29,43,25.17,48,29.93,3,,,,,,5,6,6,,,,56
201903140403,おおた水辺にぎわい競走,第5日,2019-03-14,ボートレース平和島,3R,一般,1800,11:50,1,3877,松浦博人,41,東京,55.0,B1,5.29,26.88,4.6,20.0,20,24.66,29,44.17,3,3,6,,,,5,3,2,,,,7,2,5005,石田貴洋,22,埼玉,52.0,B1,3.48,11.67,2.72,5.56,68,33.96,38,42.48,5,,,,,,4,1,2,,,,56,3,3594,塚原武之,50,埼玉,57.0,B1,3.82,19.67,4.5,21.43,57,45.34,36,27.97,4,6,6,,,,5,,,,,,24,4,4083,福島勇樹,39,東京,56.0,A1,6.37,49.48,5.2,33.93,24,31.45,16,33.14,4,,,,,,3,1,4,1,2,3,11,5,4978,山田和佐,24,広島,54.0,B1,2.95,9.28,,,13,37.58,75,20.74,4,,,,,,1,5,6,,,,15,6,3966,作間 章,39,東京,53.0,A2,7.09,53.33,6.18,39.34,22,32.28,45,38.97,1,1,2,2,3,,1,3,,,,,10
201903140404,おおた水辺にぎわい競走,第5日,2019-03-14,ボートレース平和島,4R,一般,1800,12:17,1,3596,河上年昭,49,埼玉,55.0,B1,4.23,16.28,4.17,13.33,58,38.71,39,31.45,2,6,1,,,,4,5,2,5,,,,2,3701,大西隆洋,46,香川,59.0,B1,4.26,25.0,3.8,15.0,70,33.12,15,29.33,2,,,,,,4,5,3,6,2,,9,3,3884,豊田 聡,45,徳島,53.0,B1,4.7,22.22,3.0,16.67,75,31.82,13,37.06,1,,,,,,3,6,2,3,2,5,12,4,3999,大瀧明日,39,愛知,46.0,A2,5.41,35.21,6.58,51.61,12,34.62,22,36.81,4,1,3,,,,3,2,1,4,,,10,5,4184,渡邊雄一,32,大阪,49.0,A1,7.28,58.33,6.27,40.0,63,32.69,27,32.19,2,3,1,,,,1,2,5,1,,,10,6,3550,都築正治,47,愛知,53.0,A1,7.17,62.04,6.23,46.15,74,38.51,26,35.8,1,,,,,,1,3,2,3,1,1,11
201903140405,おおた水辺にぎわい競走,第5日,2019-03-14,ボートレース平和島,5R,一般,1800,12:45,1,4484,稲生夏季,28,東京,51.0,B1,3.92,15.09,4.9,26.67,51,33.33,43,35.5,6,2,5,,,,1,6,6,,,,9,2,4684,楠原翔太,28,福岡,56.0,B1,4.8,28.71,5.14,33.33,48,41.83,14,27.33,5,4,2,,,,1,1,4,5,,,12,3,3975,小野寺智,42,香川,52.0,A2,5.9,39.84,6.12,34.62,49,28.83,19,44.38,3,3,1,4,3,,1,0,,,,,,4,4162,竹本太樹,37,大阪,53.0,B1,4.69,28.75,3.67,11.11,46,38.46,35,34.38,1,3,6,4,6,,6,,,,,,1,5,4445,宮地元輝,32,佐賀,55.0,A1,6.92,50.76,6.29,47.06,66,31.48,47,23.85,2,2,1,2,3,,1,1,,,,,,6,3789,和田敏彦,46,福岡,51.0,B1,3.27,11.54,3.67,4.76,14,39.87,21,32.91,3,,,,,,2,5,4,,,,4
201903140406,おおた水辺にぎわい競走,第5日,2019-03-14,ボートレース平和島,6R,一般,1800,13:14,1,4460,後藤翔之,33,東京,51.0,A1,7.36,55.37,6.49,46.38,18,25.33,32,34.83,3,5,5,2,2,,1,0,,,,,,2,4315,山崎昂介,34,長崎,53.0,B1,4.38,23.66,6.25,50.0,65,38.85,30,38.75,2,6,4,,,,1,3,4,2,,,10,3,4398,船岡洋一,32,広島,54.0,A1,6.59,50.0,7.19,53.85,53,46.75,71,26.17,6,6,1,2,1,,5,2,,,,,11,4,2538,高橋二朗,69,東京,53.0,B1,4.19,17.14,5.3,30.43,17,25.83,31,33.53,4,,,,,,2,5,4,5,3,,1,5,3411,池上隆行,49,広島,53.0,B1,3.82,19.7,4.5,25.0,69,31.88,34,26.11,4,,,,,,3,4,6,,,,33,6,4329,小松卓司,35,福岡,50.0,B1,4.87,25.27,4.42,21.05,45,26.45,51,35.15,6,5,3,,,,2,6,6,,,,
201903140407,おおた水辺にぎわい競走,第5日,2019-03-14,ボートレース平和島,7R,一般,1800,13:44,1,3463,乙津康志,51,東京,51.0,A2,5.97,44.62,5.65,38.71,41,27.01,17,33.99,2,,,,,,1,3,4,6,4,4,11,2,3807,岡部 哲,44,埼玉,53.0,A2,5.11,33.33,4.83,41.67,54,47.1,41,35.85,1,5,3,5,1,,1,1,,,,,,3,3877,松浦博人,41,東京,55.0,B1,5.29,26.88,4.6,20.0,20,24.66,29,44.17,3,3,6,,,,5,3,2,,,,3,4,4096,石橋道友,37,長崎,53.0,A1,6.49,47.18,,,50,34.59,73,34.23,4,4,2,1,2,,4,1,,,,,12,5,5005,石田貴洋,22,埼玉,52.0,B1,3.48,11.67,2.72,5.56,68,33.96,38,42.48,5,,,,,,4,1,2,,,,56,6,3959,坪井康晴,41,静岡,53.0,A1,6.55,30.93,6.55,18.18,52,37.34,11,32.1,1,2,2,,,,1,1,1,3,,,12
201903140408,おおた水辺にぎわい競走,第5日,2019-03-14,ボートレース平和島,8R,一般,1800,14:14,1,3955,眞田英二,41,徳島,52.0,A2,6.12,40.37,5.6,32.0,25,40.26,44,39.22,1,3,6,3,4,,3,4,,,,,12,2,3784,中島友和,42,佐賀,51.0,A2,6.04,44.14,8.33,88.89,61,26.53,28,23.44,2,4,4,4,2,,6,2,,,,,,3,3630,黒田誠司,49,静岡,52.0,B1,4.42,17.89,4.77,23.08,10,45.28,33,36.62,3,6,4,,,,5,5,3,,,,1,4,3714,梶原 正,44,福岡,56.0,B1,4.99,29.7,5.55,25.81,55,34.81,18,24.54,5,,,,,,2,4,5,6,2,,2,5,4503,上野真之,31,佐賀,51.0,A1,6.84,50.7,5.15,25.0,56,56.6,49,41.3,5,1,3,1,1,,1,2,,,,,,6,5042,畑田汰一,20,埼玉,54.0,B1,3.07,6.94,2.33,,30,34.59,23,29.45,3,,,,,,4,3,6,,,,35
201903140409,おおた水辺にぎわい競走,第5日,2019-03-14,ボートレース平和島,9R,一般,1800,14:46,1,3951,石川吉鎬,42,大阪,58.0,A2,5.22,33.62,5.08,38.46,28,33.96,56,26.77,2,,,,,,4,6,2,4,6,,,2,4569,中澤宏奈,30,東京,48.0,B1,5.07,32.14,5.76,43.24,72,54.17,12,19.55,1,4,5,3,4,,1,3,,,,,,3,4484,稲生夏季,28,東京,51.0,B1,3.92,15.09,4.9,26.67,51,33.33,43,35.5,6,2,5,,,,1,6,6,,,,5,4,3554,仲口博崇,46,愛知,51.0,A2,7.4,61.72,8.9,80.0,64,25.79,37,28.97,4,1,6,,,,6,5,6,5,,,,5,3701,大西隆洋,46,香川,59.0,B1,4.26,25.0,3.8,15.0,70,33.12,15,29.33,2,,,,,,4,5,3,6,2,,4,6,4978,山田和佐,24,広島,54.0,B1,2.95,9.28,,,13,37.58,75,20.74,4,,,,,,1,5,6,,,,15
201903140410,おおた水辺にぎわい競走,第5日,2019-03-14,ボートレース平和島,10R,準優勝戦,1800,15:19,1,3966,作間 章,39,東京,53.0,A2,7.09,53.33,6.18,39.34,22,32.28,45,38.97,1,1,2,2,3,,1,3,,,,,3,2,4184,渡邊雄一,32,大阪,49.0,A1,7.28,58.33,6.27,40.0,63,32.69,27,32.19,2,3,1,,,,1,2,5,1,,,4,3,3999,大瀧明日,39,愛知,46.0,A2,5.41,35.21,6.58,51.61,12,34.62,22,36.81,4,1,3,,,,3,2,1,4,,,4,4,3975,小野寺智,42,香川,52.0,A2,5.9,39.84,6.12,34.62,49,28.83,19,44.38,3,3,1,4,3,,5,,,,,,,5,4315,山崎昂介,34,長崎,53.0,B1,4.38,23.66,6.25,50.0,65,38.85,30,38.75,2,6,4,,,,1,3,4,2,,,6,6,4460,後藤翔之,33,東京,51.0,A1,7.36,55.37,6.49,46.38,18,25.33,32,34.83,3,5,5,2,2,,6,,,,,,
201903140411,おおた水辺にぎわい競走,第5日,2019-03-14,ボートレース平和島,11R,準優勝戦,1800,15:53,1,3550,都築正治,47,愛知,53.0,A1,7.17,62.04,6.23,46.15,74,38.51,26,35.8,1,,,,,,1,3,2,3,1,1,4,2,4445,宮地元輝,32,佐賀,55.0,A1,6.92,50.76,6.29,47.06,66,31.48,47,23.85,2,2,1,2,3,,5,,,,,,,3,4083,福島勇樹,39,東京,56.0,A1,6.37,49.48,5.2,33.93,24,31.45,16,33.14,4,,,,,,3,1,4,1,2,3,3,4,4398,船岡洋一,32,広島,54.0,A1,6.59,50.0,7.19,53.85,53,46.75,71,26.17,6,6,1,2,1,,5,2,,,,,6,5,3807,岡部 哲,44,埼玉,53.0,A2,5.11,33.33,4.83,41.67,54,47.1,41,35.85,1,5,3,5,1,,7,,,,,,,6,3463,乙津康志,51,東京,51.0,A2,5.97,44.62,5.65,38.71,41,27.01,17,33.99,2,,,,,,1,3,4,6,4,4,7
201903140412,おおた水辺にぎわい競走,第5日,2019-03-14,ボートレース平和島,12R,準優勝戦,1800,16:27,1,3959,坪井康晴,41,静岡,53.0,A1,6.55,30.93,6.55,18.18,52,37.34,11,32.1,1,2,2,,,,1,1,1,3,,,7,2,4503,上野真之,31,佐賀,51.0,A1,6.84,50.7,5.15,25.0,56,56.6,49,41.3,5,1,3,1,1,,8,,,,,,,3,4096,石橋道友,37,長崎,53.0,A1,6.49,47.18,,,50,34.59,73,34.23,4,4,2,1,2,,4,1,,,,,7,4,3884,豊田 聡,45,徳島,53.0,B1,4.7,22.22,3.0,16.67,75,31.82,13,37.06,1,,,,,,3,6,2,3,2,5,4,5,4684,楠原翔太,28,福岡,56.0,B1,4.8,28.71,5.14,33.33,48,41.83,14,27.33,5,4,2,,,,1,1,4,5,,,5,6,3955,眞田英二,41,徳島,52.0,A2,6.12,40.37,5.6,32.0,25,40.26,44,39.22,1,3,6,3,4,,3,4,,,,,8
201903140301,１Ｒ  一般          Ｈ１８００ｍ  電話投票締切予定１１：１２,第5日,2019-03-14,ボートレース江戸川,1R,一般,1800,11:12,1,3947,寺本昇平,43,群馬,48.0,B1,5.32,24.07,5.3,29.73,59,28.09,67,31.09,3,,,,,,2,5,6,,,,S3,2,4623,中北将史,34,三重,51.0,B1,3.93,18.29,4.0,25.0,18,48.2,59,34.87,3,4,3,,,,5,5,3,,,,7,3,3141,山来和人,57,東京,56.0,B1,3.68,15.79,5.15,31.51,50,27.66,27,30.88,4,,,,,,5,5,3,,,,26,4,4962,畑 竜生,22,三重,51.0,B1,3.49,15.58,3.63,13.33,60,33.66,17,31.44,6,,,,,,6,2,4,,,,43,5,4887,富澤祐作,32,群馬,55.0,B1,4.55,28.95,2.79,10.64,25,38.0,18,36.18,6,6,1,,,,6,2,3,,,,5,6,3460,堤 健一,52,東京,50.0,B1,3.84,20.79,5.29,36.36,10,29.47,48,33.85,2,,,,,,4,5,5,6,5,,9
201903140302,１Ｒ  一般          Ｈ１８００ｍ  電話投票締切予定１１：１２,第5日,2019-03-14,ボートレース江戸川,2R,一般,1800,11:39,1,4093,吉田宗弘,38,東京,48.0,B1,5.46,32.73,5.47,40.79,68,31.28,15,31.47,5,,,,,,2,1,4,5,3,,10,2,4579,中嶋健一,29,三重,54.0,A1,6.3,45.61,6.56,50.0,29,28.34,32,35.82,3,5,1,,,,2,1,4,5,,,11,3,4496,内堀 学,31,東京,53.0,A1,7.15,57.14,6.1,49.18,11,33.5,46,32.61,5,,,,,,5,6,5,6,2,,9,4,3973,崎 利仁,42,群馬,55.0,B1,3.83,12.64,5.93,42.65,27,44.71,24,34.31,4,5,3,,,,1,4,3,,,,6,5,3852,澤 大介,46,三重,51.0,B1,4.94,26.02,5.75,45.83,40,37.02,55,30.05,5,3,6,4,4,,4,1,,,,,,6,4862,武藤直志,30,群馬,58.0,B2,3.67,25.58,2.64,3.03,21,35.1,38,40.72,4,1,6,,,,5,6,5,,,,8
201903140303,１Ｒ  一般          Ｈ１８００ｍ  電話投票締切予定１１：１２,第5日,2019-03-14,ボートレース江戸川,3R,一般,1800,12:06,1,4818,伏見俊介,27,東京,54.0,B2,3.81,15.38,5.02,17.65,55,35.75,25,43.14,2,,,,,,4,3,3,,,,36,2,4233,亀山雅幸,35,群馬,50.0,A2,6.26,48.06,4.94,18.75,71,29.35,28,36.28,4,,,,,,1,3,3,3,4,,10,3,3888,山本英志,44,東京,49.0,A1,6.35,46.79,6.84,44.9,13,40.0,30,34.5,1,,,,,,2,4,1,1,5,,11,4,4618,乃村康友,36,三重,53.0,B1,4.61,23.08,5.4,20.0,36,36.02,12,37.98,2,4,3,,,,4,4,1,6,,,,5,5020,宮村勇哉,26,三重,54.0,B2,1.15,,1.0,,70,32.63,71,37.62,5,,,,,,6,6,6,6,6,,9,6,4362,土屋智則,34,群馬,52.0,A1,6.36,41.88,6.96,54.0,24,39.17,66,31.22,2,4,1,,,,1,1,1,,,,12
201903140304,１Ｒ  一般          Ｈ１８００ｍ  電話投票締切予定１１：１２,第5日,2019-03-14,ボートレース江戸川,4R,一般,1800,12:34,1,4203,小倉康典,36,群馬,54.0,B1,4.8,31.76,4.89,25.0,37,42.65,60,36.32,2,3,5,,,,6,5,5,5,,,,2,4322,永瀬 巧,32,群馬,55.0,B1,3.25,12.5,2.97,10.81,57,35.38,11,33.68,3,,,,,,5,6,4,,,,55,3,4340,土性雅也,34,三重,54.0,B1,4.23,18.67,4.38,19.23,20,31.75,35,37.37,3,5,3,,,,3,2,6,,,,8,4,4318,桑原将光,34,東京,51.0,A2,5.5,34.15,6.54,49.06,39,41.94,14,31.44,1,4,4,2,1,,1,2,,,,,11,5,4366,前沢丈史,33,東京,53.0,A1,6.82,51.81,6.88,43.75,17,35.18,61,32.46,1,3,2,,,,1,1,4,,,,12,6,4066,東本勝利,39,三重,53.0,A2,6.05,39.45,5.93,37.5,19,27.27,16,32.64,3,3,3,,,,2,2,4,,,,10
201903140305,１Ｒ  一般          Ｈ１８００ｍ  電話投票締切予定１１：１２,第5日,2019-03-14,ボートレース江戸川,5R,一般,1800,13:02,1,4887,富澤祐作,32,群馬,55.0,B1,4.55,28.95,2.79,10.64,25,38.0,18,36.18,6,6,1,,,,6,2,3,,,,1,2,4560,庄司樹良,28,東京,55.0,B1,4.73,26.58,6.55,57.14,67,31.28,39,30.53,4,,,,,,1,5,3,5,,,10,3,3659,藤生雄人,44,群馬,54.0,A1,6.43,48.84,6.29,47.62,15,31.38,33,39.32,2,1,1,,,,2,4,2,,,,12,4,4358,松本庸平,34,三重,50.0,A2,4.54,25.66,5.08,26.42,14,38.5,52,34.76,6,6,5,,,,3,4,6,,,,9,5,4610,佐藤大佑,28,東京,52.0,A2,5.37,35.09,5.97,42.7,45,34.67,34,31.03,1,2,1,2,6,,1,1,,,,,11,6,4431,石塚裕介,33,三重,52.0,A2,5.86,42.34,6.0,37.04,34,40.57,22,39.35,6,2,,,,,3,5,2,6,,,
201903140306,１Ｒ  一般          Ｈ１８００ｍ  電話投票締切予定１１：１２,第5日,2019-03-14,ボートレース江戸川,6R,一般,1800,13:30,1,4792,杉村賢也,28,東京,52.0,B1,3.66,10.17,4.69,31.25,28,44.86,10,31.25,4,6,4,,,,4,5,5,4,,,,2,4962,畑 竜生,22,三重,51.0,B1,3.49,15.58,3.63,13.33,60,33.66,17,31.44,6,,,,,,6,2,4,,,,43,3,4645,上村純一,38,群馬,53.0,A1,6.51,50.0,6.14,42.86,23,30.81,29,31.61,6,1,5,,,,6,2,6,,,,10,4,3475,橋本久和,48,群馬,51.0,A1,6.32,45.59,6.25,45.0,35,33.67,57,31.22,1,2,3,,,,3,3,1,1,,,12,5,3973,崎 利仁,42,群馬,55.0,B1,3.83,12.64,5.93,42.65,27,44.71,24,34.31,4,5,3,,,,1,4,3,,,,2,6,3978,齊藤 仁,41,東京,51.0,A1,6.58,43.38,7.01,48.75,41,42.86,63,33.5,1,1,2,2,2,,2,1,,,,,11
201903140307,１Ｒ  一般          Ｈ１８００ｍ  電話投票締切予定１１：１２,第5日,2019-03-14,ボートレース江戸川,7R,一般,1800,13:59,1,3376,萩原善行,51,群馬,49.0,B1,4.31,23.26,5.45,38.1,48,35.07,20,32.26,2,,,,,,2,4,1,,,,34,2,3505,山田竜一,47,東京,53.0,A2,6.05,40.91,6.39,42.37,51,28.65,40,30.81,2,,,,,,3,3,2,,,,14,3,4623,中北将史,34,三重,51.0,B1,3.93,18.29,4.0,25.0,18,48.2,59,34.87,3,4,3,,,,5,5,3,,,,1,4,4888,金児隆太,31,群馬,51.0,B1,5.15,32.71,4.31,24.14,38,43.69,68,32.66,5,4,2,,,,1,4,5,4,,,,5,5006,久保原秀,22,群馬,53.0,B2,1.89,,2.24,,49,33.33,23,37.91,6,,,,,,3,4,6,,,,35,6,4095,福来 剛,37,東京,51.0,A1,6.89,54.07,7.36,60.0,46,31.66,65,42.79,2,3,1,3,,,1,2,,,,,
201903140308,１Ｒ  一般          Ｈ１８００ｍ  電話投票締切予定１１：１２,第5日,2019-03-14,ボートレース江戸川,8R,一般,1800,14:28,1,3655,本橋克洋,45,群馬,56.0,A2,5.22,32.95,6.38,40.0,65,38.99,62,34.83,1,,,,,,5,4,2,,,,32,2,3417,河相秀行,49,東京,51.0,B1,3.1,11.11,4.04,16.13,43,35.82,47,35.61,1,6,5,6,2,,2,1,,,,,,3,4862,武藤直志,30,群馬,58.0,B2,3.67,25.58,2.64,3.03,21,35.1,38,40.72,4,1,6,,,,5,6,5,,,,2,4,3947,寺本昇平,43,群馬,48.0,B1,5.32,24.07,5.3,29.73,59,28.09,67,31.09,3,,,,,,2,5,6,,,,S3,5,4340,土性雅也,34,三重,54.0,B1,4.23,18.67,4.38,19.23,20,31.75,35,37.37,3,5,3,,,,3,2,6,,,,4,6,4926,吉川貴仁,25,三重,51.0,A2,5.79,40.23,3.37,15.79,32,36.87,19,31.86,5,6,,,,,4,5,4,2,,,
201903140309,１Ｒ  一般          Ｈ１８００ｍ  電話投票締切予定１１：１２,第5日,2019-03-14,ボートレース江戸川,9R,一般,1800,14:58,1,4496,内堀 学,31,東京,53.0,A1,7.15,57.14,6.1,49.18,11,33.5,46,32.61,5,,,,,,5,6,5,6,2,,2,2,3619,長谷川充,45,群馬,52.0,A2,5.55,37.19,6.09,46.3,53,29.23,31,41.75,2,,,,,,6,4,5,,,,22,3,3460,堤 健一,52,東京,50.0,B1,3.84,20.79,5.29,36.36,10,29.47,48,33.85,2,,,,,,4,5,5,6,5,,1,4,5020,宮村勇哉,26,三重,54.0,B2,1.15,,1.0,,70,32.63,71,37.62,5,,,,,,6,6,6,6,6,,3,5,4322,永瀬 巧,32,群馬,55.0,B1,3.25,12.5,2.97,10.81,57,35.38,11,33.68,3,,,,,,5,6,4,,,,55,6,4358,松本庸平,34,三重,50.0,A2,4.54,25.66,5.08,26.42,14,38.5,52,34.76,6,6,5,,,,3,4,6,,,,5
201903140310,１Ｒ  一般          Ｈ１８００ｍ  電話投票締切予定１１：１２,第5日,2019-03-14,ボートレース江戸川,10R,一般特賞,1800,15:29,1,4233,亀山雅幸,35,群馬,50.0,A2,6.26,48.06,4.94,18.75,71,29.35,28,36.28,4,,,,,,1,3,3,3,4,,3,2,4066,東本勝利,39,三重,53.0,A2,6.05,39.45,5.93,37.5,19,27.27,16,32.64,3,3,3,,,,2,2,4,,,,4,3,4093,吉田宗弘,38,東京,48.0,B1,5.46,32.73,5.47,40.79,68,31.28,15,31.47,5,,,,,,2,1,4,5,3,,2,4,4560,庄司樹良,28,東京,55.0,B1,4.73,26.58,6.55,57.14,67,31.28,39,30.53,4,,,,,,1,5,3,5,,,5,5,3605,中村守成,47,三重,52.0,B1,5.12,25.98,5.29,29.41,33,30.48,45,35.75,5,5,4,,,,2,6,3,3,,,,6,4645,上村純一,38,群馬,53.0,A1,6.51,50.0,6.14,42.86,23,30.81,29,31.61,6,1,5,,,,6,2,6,,,,6
201903140311,１Ｒ  一般          Ｈ１８００ｍ  電話投票締切予定１１：１２,第5日,2019-03-14,ボートレース江戸川,11R,準優勝,1800,16:01,1,3978,齊藤 仁,41,東京,51.0,A1,6.58,43.38,7.01,48.75,41,42.86,63,33.5,1,1,2,2,2,,2,1,,,,,6,2,4610,佐藤大佑,28,東京,52.0,A2,5.37,35.09,5.97,42.7,45,34.67,34,31.03,1,2,1,2,6,,1,1,,,,,5,3,4318,桑原将光,34,東京,51.0,A2,5.5,34.15,6.54,49.06,39,41.94,14,31.44,1,4,4,2,1,,1,2,,,,,4,4,3888,山本英志,44,東京,49.0,A1,6.35,46.79,6.84,44.9,13,40.0,30,34.5,1,,,,,,2,4,1,1,5,,3,5,4579,中嶋健一,29,三重,54.0,A1,6.3,45.61,6.56,50.0,29,28.34,32,35.82,3,5,1,,,,2,1,4,5,,,2,6,3376,萩原善行,51,群馬,49.0,B1,4.31,23.26,5.45,38.1,48,35.07,20,32.26,2,,,,,,2,4,1,,,,34
201903140312,１Ｒ  一般          Ｈ１８００ｍ  電話投票締切予定１１：１２,第5日,2019-03-14,ボートレース江戸川,12R,準優勝,1800,16:34,1,4362,土屋智則,34,群馬,52.0,A1,6.36,41.88,6.96,54.0,24,39.17,66,31.22,2,4,1,,,,1,1,1,,,,3,2,4366,前沢丈史,33,東京,53.0,A1,6.82,51.81,6.88,43.75,17,35.18,61,32.46,1,3,2,,,,1,1,4,,,,4,3,3475,橋本久和,48,群馬,51.0,A1,6.32,45.59,6.25,45.0,35,33.67,57,31.22,1,2,3,,,,3,3,1,1,,,6,4,3659,藤生雄人,44,群馬,54.0,A1,6.43,48.84,6.29,47.62,15,31.38,33,39.32,2,1,1,,,,2,4,2,,,,5,5,3505,山田竜一,47,東京,53.0,A2,6.05,40.91,6.39,42.37,51,28.65,40,30.81,2,,,,,,3,3,2,,,,14,6,3655,本橋克洋,45,群馬,56.0,A2,5.22,32.95,6.38,40.0,65,38.99,62,34.83,1,,,,,,5,4,2,,,,32
201903140101,１Ｒ  予選          Ｈ１８００ｍ  電話投票締切予定１５：２０,第3日,2019-03-14,ボートレース桐生,1R,予選,1800,15:20,1,4129,宇野博之,38,愛知,54.0,B1,4.18,22.86,5.0,22.22,14,32.73,58,24.66,2,,,,,,5,,,,,,,2,4861,田中宏樹,30,福岡,52.0,B1,4.03,19.79,,,19,28.89,39,30.99,5,,,,,,4,,,,,,8,3,4705,吉川勇作,30,長崎,55.0,B1,3.74,17.11,,,24,61.22,66,43.06,2,5,2,,,,7,,,,,,,4,3532,柴田 光,47,群馬,55.0,A1,6.56,52.34,6.05,40.0,65,32.61,63,29.17,3,6,3,3,,,1,1,,,,,,5,4995,田邉亮蔵,27,東京,57.0,B2,2.09,4.55,2.15,,39,22.22,53,23.61,6,,,,,,4,,,,,,6,6,5034,若林義人,21,静岡,57.0,B2,1.74,1.72,1.75,,18,24.44,38,41.03,6,,,,,,6,,,,,,5
201903140102,１Ｒ  予選          Ｈ１８００ｍ  電話投票締切予定１５：２０,第3日,2019-03-14,ボートレース桐生,2R,予選,1800,15:47,1,4380,鈴木峻佑,34,静岡,52.0,B1,4.84,32.61,4.68,32.35,20,30.19,73,22.67,2,4,5,,,,,,,,,,,2,3666,内野省一,48,愛知,54.0,B1,4.74,29.41,5.29,32.26,46,27.45,11,45.33,1,,,,,,5,6,,,,,9,3,3491,富永 茂,51,福岡,52.0,B1,3.81,20.83,3.2,16.0,42,30.61,71,50.65,4,,,,,,3,2,,,,,6,4,3996,秋山直之,39,群馬,52.0,A1,6.8,41.8,7.52,56.25,62,19.05,75,28.95,1,1,4,4,,,1,2,,,,,,5,4651,佐藤大騎,34,大阪,51.0,B1,4.47,27.27,3.96,23.08,26,22.73,74,31.17,6,,,,,,3,2,,,,,8,6,3690,河合三弘,48,愛知,52.0,A2,5.67,37.61,6.41,45.45,25,31.91,47,45.45,4,1,6,,,,1,0,,,,,
201903140103,１Ｒ  予選          Ｈ１８００ｍ  電話投票締切予定１５：２０,第3日,2019-03-14,ボートレース桐生,3R,予選,1800,16:14,1,3775,泉 啓文,44,岡山,61.0,B1,4.12,24.24,3.8,20.0,51,30.91,21,42.11,5,,,,,,,,,,,,,2,4486,野村 誠,32,群馬,51.0,B1,5.35,33.33,6.61,48.39,17,28.89,34,27.78,1,2,2,,,,1,0,,,,,,3,4410,井上大輔,33,岡山,51.0,A2,5.46,38.74,5.65,35.0,12,38.89,57,26.32,4,4,1,4,,,1,1,,,,,,4,4977,馬野 耀,25,大阪,52.0,B1,3.14,6.25,,,70,32.26,35,22.97,4,,,,,,1,,,,,,8,5,3589,西村 勝,45,埼玉,55.0,A1,5.6,36.36,4.93,27.5,16,19.05,40,21.33,2,1,2,2,,,1,2,,,,,,6,5068,前田 滉,18,愛知,49.0,B2,2.69,6.25,,,63,26.67,20,33.78,4,,,,,,5,,,,,,7
201903140104,１Ｒ  予選          Ｈ１８００ｍ  電話投票締切予定１５：２０,第3日,2019-03-14,ボートレース桐生,4R,予選,1200,16:41,1,4518,大須賀友,32,愛知,55.0,B1,5.06,27.84,7.17,50.0,40,28.85,61,36.49,5,5,4,,,,,,,,,,,2,3338,出本正博,53,広島,51.0,B1,4.37,16.84,3.97,21.21,15,31.11,26,28.77,1,,,,,,6,5,,,,,9,3,4171,榎 幸司,36,長崎,54.0,A1,6.35,42.62,6.19,42.86,57,33.33,13,32.47,2,2,4,2,,,1,1,,,,,,4,4600,井内将太,34,広島,52.0,A2,6.12,47.76,6.18,40.91,53,29.82,41,37.84,3,3,3,,,,8,,,,,,,5,3445,加藤高史,49,埼玉,53.0,A2,6.04,46.02,6.51,51.35,50,27.78,51,45.45,1,,,,,,1,4,,,,,10,6,3310,金澤一洋,55,群馬,50.0,B1,4.19,21.18,4.39,18.75,48,28.81,25,39.19,4,,,,,,5,,,,,,
201903140105,１Ｒ  予選          Ｈ１８００ｍ  電話投票締切予定１５：２０,第3日,2019-03-14,ボートレース桐生,5R,予選,1200,17:08,1,4451,松崎祐太,31,福岡,51.0,A1,6.73,44.8,7.21,57.14,36,30.36,31,30.99,2,2,2,6,,,1,1,,,,,,2,3742,宮地秀祈,44,福岡,52.0,A2,5.35,36.9,5.78,39.13,49,29.63,16,43.24,5,,,,,,2,2,,,,,10,3,4540,相原利章,31,東京,51.0,B1,5.04,30.56,4.54,23.08,74,47.27,54,39.73,1,4,2,,,,9,,,,,,,4,5034,若林義人,21,静岡,57.0,B2,1.74,1.72,1.75,,18,24.44,38,41.03,6,,,,,,6,,,,,,1,5,3256,三角哲男,52,東京,50.0,A1,7.32,60.9,6.85,47.06,30,36.0,65,45.95,2,4,1,1,,,1,2,,,,,,6,4026,小林 晋,41,東京,54.0,B2,3.81,9.38,4.04,14.81,41,20.45,69,35.0,5,,,,,,3,4,,,,,
201903140106,１Ｒ  予選          Ｈ１８００ｍ  電話投票締切予定１５：２０,第3日,2019-03-14,ボートレース桐生,6R,予選,1200,17:36,1,3612,馬袋義則,46,兵庫,53.0,A1,6.43,48.51,6.51,54.05,44,27.45,19,34.21,4,3,4,1,,,1,2,,,,,,2,3491,富永 茂,51,福岡,52.0,B1,3.81,20.83,3.2,16.0,42,30.61,71,50.65,4,,,,,,3,2,,,,,2,3,3122,高山哲也,57,兵庫,55.0,B1,4.18,20.59,4.0,17.65,67,50.88,70,33.33,6,,,,,,6,6,,,,,,4,4557,松尾光広,29,岡山,53.0,B1,4.22,22.99,5.38,50.0,66,35.09,27,29.49,3,1,,,,,1,0,,,,,,5,3652,森下 勇,45,群馬,56.0,B1,3.9,14.29,4.28,19.61,73,40.82,28,30.67,5,3,4,,,,,,,,,,,6,4995,田邉亮蔵,27,東京,57.0,B2,2.09,4.55,2.15,,39,22.22,53,23.61,6,,,,,,4,,,,,,1
201903140107,１Ｒ  予選          Ｈ１８００ｍ  電話投票締切予定１５：２０,第3日,2019-03-14,ボートレース桐生,7R,予選,1800,18:04,1,4189,川上 剛,37,福岡,54.0,A1,6.39,47.1,5.2,20.0,11,70.37,55,37.84,3,3,3,3,,,1,1,,,,,,2,4705,吉川勇作,30,長崎,55.0,B1,3.74,17.11,,,24,61.22,66,43.06,2,5,2,,,,1,,,,,,,3,4389,伊藤喜智,33,大阪,51.0,B1,5.21,31.68,5.27,30.77,38,16.22,12,38.67,5,,,,,,3,5,,,,,,4,3903,白石 健,41,兵庫,50.0,A2,7.03,58.82,8.48,79.31,55,14.29,22,31.08,1,1,1,4,,,1,2,,,,,,5,5068,前田 滉,18,愛知,49.0,B2,2.69,6.25,,,63,26.67,20,33.78,4,,,,,,5,,,,,,3,6,4078,渡辺史之,40,群馬,51.0,B1,3.56,11.76,4.65,28.87,71,36.36,64,21.74,6,,,,,,5,3,,,,,
201903140108,１Ｒ  予選          Ｈ１８００ｍ  電話投票締切予定１５：２０,第3日,2019-03-14,ボートレース桐生,8R,予選,1800,18:33,1,4600,井内将太,34,広島,52.0,A2,6.12,47.76,6.18,40.91,53,29.82,41,37.84,3,3,3,,,,4,,,,,,,2,4723,寺島吉彦,33,東京,48.0,B1,4.03,22.73,3.55,15.91,69,28.57,48,26.03,5,,,,,,5,3,,,,,,3,4861,田中宏樹,30,福岡,52.0,B1,4.03,19.79,,,19,28.89,39,30.99,5,,,,,,4,,,,,,1,4,4651,佐藤大騎,34,大阪,51.0,B1,4.47,27.27,3.96,23.08,26,22.73,74,31.17,6,,,,,,3,2,,,,,2,5,4604,岩瀬裕亮,30,愛知,53.0,A1,6.65,44.05,7.25,60.71,52,17.65,52,28.95,2,5,3,1,,,1,1,,,,,,6,4977,馬野 耀,25,大阪,52.0,B1,3.14,6.25,,,70,32.26,35,22.97,4,,,,,,1,,,,,,3
201903140109,１Ｒ  予選          Ｈ１８００ｍ  電話投票締切予定１５：２０,第3日,2019-03-14,ボートレース桐生,9R,予選,1800,19:03,1,4540,相原利章,31,東京,51.0,B1,5.04,30.56,4.54,23.08,74,47.27,54,39.73,1,4,2,,,,5,,,,,,,2,3713,伊藤誠二,44,愛知,54.0,A2,5.99,42.34,6.78,44.44,60,21.74,50,21.62,3,3,5,5,,,,,,,,,,3,3338,出本正博,53,広島,51.0,B1,4.37,16.84,3.97,21.21,15,31.11,26,28.77,1,,,,,,6,5,,,,,4,4,4230,濱崎直矢,35,埼玉,55.0,A2,6.43,50.0,5.8,40.74,23,21.74,44,31.43,5,2,2,1,,,1,2,,,,,,5,3666,内野省一,48,愛知,54.0,B1,4.74,29.41,5.29,32.26,46,27.45,11,45.33,1,,,,,,5,6,,,,,2,6,3747,國崎良春,43,福岡,53.0,A2,5.33,34.88,4.18,29.41,27,26.67,62,30.26,3,4,1,6,,,,,,,,,
201903140110,１Ｒ  予選          Ｈ１８００ｍ  電話投票締切予定１５：２０,第3日,2019-03-14,ボートレース桐生,10R,予選特賞,1800,19:34,1,3445,加藤高史,49,埼玉,53.0,A2,6.04,46.02,6.51,51.35,50,27.78,51,45.45,1,,,,,,1,4,,,,,4,2,3690,河合三弘,48,愛知,52.0,A2,5.67,37.61,6.41,45.45,25,31.91,47,45.45,4,1,6,,,,2,,,,,,,3,4557,松尾光広,29,岡山,53.0,B1,4.22,22.99,5.38,50.0,66,35.09,27,29.49,3,1,,,,,6,,,,,,,4,3742,宮地秀祈,44,福岡,52.0,A2,5.35,36.9,5.78,39.13,49,29.63,16,43.24,5,,,,,,2,2,,,,,5,5,3546,中里昌志,49,埼玉,50.0,A2,5.34,30.47,5.15,31.25,59,17.78,33,30.99,6,6,1,1,,,,,,,,,,6,4486,野村 誠,32,群馬,51.0,B1,5.35,33.33,6.61,48.39,17,28.89,34,27.78,1,2,2,,,,3,,,,,,
201903140111,１Ｒ  予選          Ｈ１８００ｍ  電話投票締切予定１５：２０,第3日,2019-03-14,ボートレース桐生,11R,一般特選,1800,20:06,1,4604,岩瀬裕亮,30,愛知,53.0,A1,6.65,44.05,7.25,60.71,52,17.65,52,28.95,2,5,3,1,,,8,,,,,,,2,3532,柴田 光,47,群馬,55.0,A1,6.56,52.34,6.05,40.0,65,32.61,63,29.17,3,6,3,3,,,1,,,,,,,3,4451,松崎祐太,31,福岡,51.0,A1,6.73,44.8,7.21,57.14,36,30.36,31,30.99,2,2,2,6,,,5,,,,,,,4,4410,井上大輔,33,岡山,51.0,A2,5.46,38.74,5.65,35.0,12,38.89,57,26.32,4,4,1,4,,,3,,,,,,,5,4189,川上 剛,37,福岡,54.0,A1,6.39,47.1,5.2,20.0,11,70.37,55,37.84,3,3,3,3,,,7,,,,,,,6,4171,榎 幸司,36,長崎,54.0,A1,6.35,42.62,6.19,42.86,57,33.33,13,32.47,2,2,4,2,,,4,,,,,,
201903140112,１Ｒ  予選          Ｈ１８００ｍ  電話投票締切予定１５：２０,第3日,2019-03-14,ボートレース桐生,12R,一般桐生特選,1800,20:38,1,3996,秋山直之,39,群馬,52.0,A1,6.8,41.8,7.52,56.25,62,19.05,75,28.95,1,1,4,4,,,2,,,,,,,2,3903,白石 健,41,兵庫,50.0,A2,7.03,58.82,8.48,79.31,55,14.29,22,31.08,1,1,1,4,,,7,,,,,,,3,3256,三角哲男,52,東京,50.0,A1,7.32,60.9,6.85,47.06,30,36.0,65,45.95,2,4,1,1,,,5,,,,,,,4,3589,西村 勝,45,埼玉,55.0,A1,5.6,36.36,4.93,27.5,16,19.05,40,21.33,2,1,2,2,,,3,,,,,,,5,3612,馬袋義則,46,兵庫,53.0,A1,6.43,48.51,6.51,54.05,44,27.45,19,34.21,4,3,4,1,,,6,,,,,,,6,4230,濱崎直矢,35,埼玉,55.0,A2,6.43,50.0,5.8,40.74,23,21.74,44,31.43,5,2,2,1,,,9,,,,,,
