レースコード,タイトル,日次,レース日,レース場,レース回,レース名,距離(m),電話投票締切予定,1枠_艇番,1枠_登録番号,1枠_選手名,1枠_年齢,1枠_支部,1枠_体重,1枠_級別,1枠_全国勝率,1枠_全国2連対率,1枠_当地勝率,1枠_当地2連対率,1枠_モーター番号,1枠_モーター2連対率,1枠_ボート番号,1枠_ボート2連対率,1枠_今節成績_1-1,1枠_今節成績_1-2,1枠_今節成績_2-1,1枠_今節成績_2-2,1枠_今節成績_3-1,1枠_今節成績_3-2,1枠_今節成績_4-1,1枠_今節成績_4-2,1枠_今節成績_5-1,1枠_今節成績_5-2,1枠_今節成績_6-1,1枠_今節成績_6-2,1枠_早見,2枠_艇番,2枠_登録番号,2枠_選手名,2枠_年齢,2枠_支部,2枠_体重,2枠_級別,2枠_全国勝率,2枠_全国2連対率,2枠_当地勝率,2枠_当地2連対率,2枠_モーター番号,2枠_モーター2連対率,2枠_ボート番号,2枠_ボート2連対率,2枠_今節成績_1-1,2枠_今節成績_1-2,2枠_今節成績_2-1,2枠_今節成績_2-2,2枠_今節成績_3-1,2枠_今節成績_3-2,2枠_今節成績_4-1,2枠_今節成績_4-2,2枠_今節成績_5-1,2枠_今節成績_5-2,2枠_今節成績_6-1,2枠_今節成績_6-2,2枠_早見,3枠_艇番,3枠_登録番号,3枠_選手名,3枠_年齢,3枠_支部,3枠_体重,3枠_級別,3枠_全国勝率,3枠_全国2連対率,3枠_当地勝率,3枠_当地2連対率,3枠_モーター番号,3枠_モーター2連対率,3枠_ボート番号,3枠_ボート2連対率,3枠_今節成績_1-1,3枠_今節成績_1-2,3枠_今節成績_2-1,3枠_今節成績_2-2,3枠_今節成績_3-1,3枠_今節成績_3-2,3枠_今節成績_4-1,3枠_今節成績_4-2,3枠_今節成績_5-1,3枠_今節成績_5-2,3枠_今節成績_6-1,3枠_今節成績_6-2,3枠_早見,4枠_艇番,4枠_登録番号,4枠_選手名,4枠_年齢,4枠_支部,4枠_体重,4枠_級別,4枠_全国勝率,4枠_全国2連対率,4枠_当地勝率,4枠_当地2連対率,4枠_モーター番号,4枠_モーター2連対率,4枠_ボート番号,4枠_ボート2連対率,4枠_今節成績_1-1,4枠_今節成績_1-2,4枠_今節成績_2-1,4枠_今節成績_2-2,4枠_今節成績_3-1,4枠_今節成績_3-2,4枠_今節成績_4-1,4枠_今節成績_4-2,4枠_今節成績_5-1,4枠_今節成績_5-2,4枠_今節成績_6-1,4枠_今節成績_6-2,4枠_早見,5枠_艇番,5枠_登録番号,5枠_選手名,5枠_年齢,5枠_支部,5枠_体重,5枠_級別,5枠_全国勝率,5枠_全国2連対率,5枠_当地勝率,5枠_当地2連対率,5枠_モーター番号,5枠_モーター2連対率,5枠_ボート番号,5枠_ボート2連対率,5枠_今節成績_1-1,5枠_今節成績_1-2,5枠_今節成績_2-1,5枠_今節成績_2-2,5枠_今節成績_3-1,5枠_今節成績_3-2,5枠_今節成績_4-1,5枠_今節成績_4-2,5枠_今節成績_5-1,5枠_今節成績_5-2,5枠_今節成績_6-1,5枠_今節成績_6-2,5枠_早見,6枠_艇番,6枠_登録番号,6枠_選手名,6枠_年齢,6枠_支部,6枠_体重,6枠_級別,6枠_全国勝率,6枠_全国2連対率,6枠_当地勝率,6枠_当地2連対率,6枠_モーター番号,6枠_モーター2連対率,6枠_ボート番号,6枠_ボート2連対率,6枠_今節成績_1-1,6枠_今節成績_1-2,6枠_今節成績_2-1,6枠_今節成績_2-2,6枠_今節成績_3-1,6枠_今節成績_3-2,6枠_今節成績_4-1,6枠_今節成績_4-2,6枠_今節成績_5-1,6枠_今節成績_5-2,6枠_今節成績_6-1,6枠_今節成績_6-2,6枠_早見
202404092401,開設７２周年記念海の王者決定戦,第3日,2024-04-09,ボートレース大村,1R,予選,1800,15:17,1,4715,村上 遼,31,長崎,53.0,A1,6.69,50.0,7.89,69.17,40,45.79,23,32.02,5,,,,,,2,6,,,,,,2,4686,丸野一樹,32,滋賀,54.0,A1,7.54,60.44,7.0,33.33,51,39.15,41,32.65,5,4,1,,,,6,,,,,,,3,4877,鈴谷一平,29,兵庫,56.0,A1,6.03,38.64,5.89,44.44,16,26.73,48,33.68,6,,,,,,3,,,,,,7,4,4601,森野正弘,39,山口,54.0,A1,6.9,53.1,6.09,41.07,74,42.71,51,42.42,1,3,4,,,,1,0,,,,,,5,4075,中野次郎,42,東京,55.0,A1,6.48,46.6,6.03,21.05,64,25.73,49,32.31,4,6,2,,,,,,,,,,,6,4497,桑原 悠,36,長崎,52.0,A1,6.72,41.84,7.28,57.23,47,33.33,32,32.31,3,,,,,,3,4,,,,,5
202404092402,開設７２周年記念海の王者決定戦,第3日,2024-04-09,ボートレース大村,2R,予選,1800,15:43,1,3908,重成一人,45,香川,55.0,A1,6.75,44.34,7.43,60.71,73,37.44,56,40.51,5,5,5,,,,7,,,,,,,2,4337,平本真之,39,愛知,55.0,A1,7.08,47.12,7.19,40.48,71,29.23,52,31.12,3,2,5,,,,1,2,,,,,,3,4042,丸岡正典,44,大阪,53.0,A1,6.57,44.09,6.58,35.56,28,32.51,45,36.95,6,,,,,,6,2,,,,,,4,3959,坪井康晴,46,静岡,53.0,A1,7.54,52.63,6.9,30.0,18,34.87,63,33.16,2,,,,,,4,,,,,,8,5,3780,魚谷智之,48,兵庫,52.0,A1,7.36,52.59,7.21,48.84,65,37.56,30,34.69,6,4,5,,,,1,0,,,,,,6,3679,飯島昌弘,51,埼玉,53.0,A1,6.46,44.86,,,17,41.58,74,38.46,4,,,,,,5,,,,,,9
202404092403,開設７２周年記念海の王者決定戦,第3日,2024-04-09,ボートレース大村,3R,予選,1800,16:16,1,4294,古賀繁輝,37,佐賀,54.0,A1,7.4,62.28,4.86,24.14,26,28.5,19,31.09,5,,,,,,4,4,,,,,,2,3942,寺田 祥,45,山口,54.0,A1,7.07,45.1,7.24,41.38,45,40.91,55,36.41,1,,,,,,6,3,,,,,,3,4760,山崎 郡,34,大阪,51.0,A1,6.81,46.15,8.29,57.14,75,36.76,50,40.82,3,3,4,,,,8,,,,,,,4,3978,齊藤 仁,46,東京,51.0,A1,6.88,49.17,7.53,52.94,61,40.53,31,42.79,4,4,2,,,,,,,,,,,5,5015,高橋竜矢,26,広島,53.0,A1,6.26,42.7,6.61,44.07,20,34.3,70,32.64,6,,,,,,6,6,,,,,,6,4371,西山貴浩,36,福岡,53.0,A1,7.37,51.28,7.6,56.25,12,29.27,64,37.31,4,,,,,,4,,,,,,7
202404092404,開設７２周年記念海の王者決定戦,第3日,2024-04-09,ボートレース大村,4R,予選,1800,16:43,1,4055,吉田俊彦,45,兵庫,53.0,A1,6.56,45.87,6.4,40.0,29,29.65,21,41.29,3,,,,,,5,5,,,,,,2,3422,服部幸男,53,静岡,54.0,A1,6.4,42.06,5.81,26.92,67,40.7,34,32.18,2,1,1,,,,1,2,,,,,,3,4239,竹田辰也,40,山口,55.0,A1,6.96,53.72,6.69,45.24,69,33.67,75,32.65,6,5,4,,,,9,,,,,,,4,3779,原田幸哉,48,長崎,53.0,A1,6.79,42.55,7.98,67.77,54,30.26,17,36.27,1,,,,,,1,2,,,,,,5,3984,坂口 周,46,三重,54.0,A1,6.17,41.0,5.81,29.63,62,32.47,59,37.95,6,5,6,,,,,,,,,,,6,3952,中澤和志,47,埼玉,53.0,A1,7.82,62.26,5.44,33.33,48,44.1,73,35.0,4,5,1,,,,8,,,,,,
202404092405,開設７２周年記念海の王者決定戦,第3日,2024-04-09,ボートレース大村,5R,予選,1800,17:19,1,4772,石丸海渡,30,香川,56.0,A1,6.8,53.76,6.94,44.44,76,48.51,13,31.66,4,3,3,,,,1,2,,,,,,2,4504,前田将太,36,福岡,55.0,A1,7.43,54.1,7.4,52.24,14,36.36,60,31.68,2,,,,,,6,,,,,,9,3,4914,吉田裕平,27,愛知,51.0,A1,6.97,58.11,6.74,53.49,70,37.24,72,31.63,6,4,3,,,,1,0,,,,,,4,4497,桑原 悠,36,長崎,52.0,A1,6.72,41.84,7.28,57.23,47,33.33,32,32.31,3,,,,,,3,4,,,,,1,5,4205,山口 剛,41,広島,53.0,A1,7.55,54.02,6.59,44.9,66,34.48,46,38.31,2,6,3,,,,1,1,,,,,,6,4719,上條暢嵩,30,大阪,52.0,A1,7.76,50.59,7.15,37.29,21,35.98,18,33.16,1,,,,,,3,1,,,,,
202404092406,開設７２周年記念海の王者決定戦,第3日,2024-04-09,ボートレース大村,6R,予選,1800,17:46,1,4174,赤坂俊輔,41,長崎,51.0,A1,7.05,53.44,7.03,54.05,15,37.24,22,32.18,3,,,,,,6,,,,,,11,2,4848,仲谷颯仁,29,福岡,52.0,A1,6.66,44.83,6.84,53.01,11,30.86,27,38.14,1,,,,,,3,,,,,,12,3,4500,山田康二,36,佐賀,55.0,A1,7.24,45.61,7.15,46.34,34,39.06,69,34.01,5,,,,,,3,5,,,,,,4,4686,丸野一樹,32,滋賀,54.0,A1,7.54,60.44,7.0,33.33,51,39.15,41,32.65,5,4,1,,,,1,,,,,,,5,3783,瓜生正義,48,福岡,52.0,A1,7.74,58.65,7.92,52.78,22,29.81,43,36.87,5,,,,,,2,,,,,,10,6,4798,浜先真範,30,広島,52.0,A1,6.99,50.6,6.22,40.63,39,41.38,62,34.5,3,,,,,,5,,,,,,
202404092407,開設７２周年記念海の王者決定戦,第3日,2024-04-09,ボートレース大村,7R,予選,1800,18:13,1,4266,長田頼宗,38,東京,53.0,A1,6.5,38.02,6.32,28.0,23,35.96,15,37.76,2,,,,,,3,2,,,,,,2,4371,西山貴浩,36,福岡,53.0,A1,7.37,51.28,7.6,56.25,12,29.27,64,37.31,4,,,,,,4,,,,,,3,3,3908,重成一人,45,香川,55.0,A1,6.75,44.34,7.43,60.71,73,37.44,56,40.51,5,5,5,,,,2,,,,,,,4,4850,野中一平,29,愛知,53.0,A1,7.21,55.56,7.67,66.67,49,34.87,58,34.67,1,2,1,,,,1,2,,,,,,5,4877,鈴谷一平,29,兵庫,56.0,A1,6.03,38.64,5.89,44.44,16,26.73,48,33.68,6,,,,,,3,,,,,,1,6,4238,毒島 誠,40,群馬,54.0,A1,7.75,52.63,8.59,61.54,59,27.69,44,33.17,2,2,6,,,,,,,,,,
202404092408,開設７２周年記念海の王者決定戦,第3日,2024-04-09,ボートレース大村,8R,予選,1800,18:43,1,3959,坪井康晴,46,静岡,53.0,A1,7.54,52.63,6.9,30.0,18,34.87,63,33.16,2,,,,,,4,,,,,,2,2,3952,中澤和志,47,埼玉,53.0,A1,7.82,62.26,5.44,33.33,48,44.1,73,35.0,4,5,1,,,,4,,,,,,,3,4547,中田竜太,35,埼玉,52.0,A1,6.61,37.84,7.82,55.26,41,37.24,68,32.35,3,,,,,,5,3,,,,,,4,4148,枝尾 賢,42,福岡,51.0,A1,7.48,55.56,6.94,48.48,56,42.21,71,34.67,1,4,1,,,,,,,,,,,5,3590,濱野谷憲,50,東京,55.0,A1,7.22,45.92,7.32,40.91,52,32.47,20,35.2,2,,,,,,2,2,,,,,12,6,4760,山崎 郡,34,大阪,51.0,A1,6.81,46.15,8.29,57.14,75,36.76,50,40.82,3,3,4,,,,3,,,,,,
202404092409,開設７２周年記念海の王者決定戦,第3日,2024-04-09,ボートレース大村,9R,予選,1800,19:14,1,4504,前田将太,36,福岡,55.0,A1,7.43,54.1,7.4,52.24,14,36.36,60,31.68,2,,,,,,6,,,,,,5,2,4524,深谷知博,36,静岡,52.0,A1,6.92,44.3,6.1,20.0,63,31.44,12,34.54,2,1,4,,,,,,,,,,,3,3679,飯島昌弘,51,埼玉,53.0,A1,6.46,44.86,,,17,41.58,74,38.46,4,,,,,,5,,,,,,2,4,4239,竹田辰也,40,山口,55.0,A1,6.96,53.72,6.69,45.24,69,33.67,75,32.65,6,5,4,,,,4,,,,,,,5,4096,石橋道友,42,長崎,53.0,A1,6.73,47.92,7.06,56.65,37,34.2,38,47.42,2,,,,,,2,2,,,,,,6,4024,井口佳典,46,三重,52.0,A1,7.47,51.09,7.98,56.0,58,28.79,35,33.33,5,,,,,,4,3,,,,,
202404092410,開設７２周年記念海の王者決定戦,第3日,2024-04-09,ボートレース大村,10R,予選,1800,19:47,1,3783,瓜生正義,48,福岡,52.0,A1,7.74,58.65,7.92,52.78,22,29.81,43,36.87,5,,,,,,2,,,,,,6,2,4914,吉田裕平,27,愛知,51.0,A1,6.97,58.11,6.74,53.49,70,37.24,72,31.63,6,4,3,,,,5,,,,,,,3,4601,森野正弘,39,山口,54.0,A1,6.9,53.1,6.09,41.07,74,42.71,51,42.42,1,3,4,,,,1,,,,,,,4,3780,魚谷智之,48,兵庫,52.0,A1,7.36,52.59,7.21,48.84,65,37.56,30,34.69,6,4,5,,,,2,,,,,,,5,4262,馬場貴也,40,滋賀,54.0,A1,7.36,46.9,7.0,33.33,43,35.6,40,35.05,3,,,,,,4,1,,,,,,6,4688,永井彪也,31,東京,52.0,A1,6.66,45.26,7.06,27.78,25,40.0,61,31.28,3,,,,,,2,6,,,,,
202404092411,開設７２周年記念海の王者決定戦,第3日,2024-04-09,ボートレース大村,11R,予選,1800,20:16,1,4205,山口 剛,41,広島,53.0,A1,7.55,54.02,6.59,44.9,66,34.48,46,38.31,2,6,3,,,,5,,,,,,,2,4459,片岡雅裕,38,香川,52.0,A1,6.79,47.27,7.06,52.78,33,32.28,16,32.83,6,,,,,,5,1,,,,,,3,4908,上田龍星,28,大阪,52.0,A1,7.25,55.56,9.0,91.67,19,49.49,25,37.07,1,,,,,,1,1,,,,,,4,4174,赤坂俊輔,41,長崎,51.0,A1,7.05,53.44,7.03,54.05,15,37.24,22,32.18,3,,,,,,6,,,,,,6,5,5084,末永和也,25,佐賀,52.0,A1,6.83,45.98,5.87,32.61,38,32.51,28,34.31,1,,,,,,6,5,,,,,,6,4350,篠崎元志,38,福岡,54.0,A1,6.56,44.44,7.7,59.09,36,33.33,65,34.72,1,,,,,,4,5,,,,,
202404092412,開設７２周年記念海の王者決定戦,第3日,2024-04-09,ボートレース大村,12R,予選,1800,20:45,1,3590,濱野谷憲,50,東京,55.0,A1,7.22,45.92,7.32,40.91,52,32.47,20,35.2,2,,,,,,2,2,,,,,8,2,4772,石丸海渡,30,香川,56.0,A1,6.8,53.76,6.94,44.44,76,48.51,13,31.66,4,3,3,,,,5,,,,,,,3,4337,平本真之,39,愛知,55.0,A1,7.08,47.12,7.19,40.48,71,29.23,52,31.12,3,2,5,,,,2,,,,,,,4,4848,仲谷颯仁,29,福岡,52.0,A1,6.66,44.83,6.84,53.01,11,30.86,27,38.14,1,,,,,,3,,,,,,6,5,3422,服部幸男,53,静岡,54.0,A1,6.4,42.06,5.81,26.92,67,40.7,67,30.81,2,1,1,,,,4,,,,,,,6,4850,野中一平,29,愛知,53.0,A1,7.21,55.56,7.67,66.67,49,34.87,58,34.67,1,2,1,,,,7,,,,,,
202404090102,１Ｒ  カタメン１一          Ｈ１８００ｍ  電話投票締切予定１２：３３,第6日,2024-04-09,ボートレース福岡,2R,一般,1800,13:01,1,3718,伊達正利,49,静岡,56.0,B1,4.03,23.29,4.2,40.0,60,18.52158,48.15,231.0,4,6,5,,,,2,6,,,,,9,2,4727,安部慎一,36,福岡,54.0,B1,4.44,21.05,4.76,29.63,40,51.85136,5.88,246.0,5,,,,,,5,4,2,,,,7,3,3631,田添康介,54,長崎,54.0,B1,5.28,37.31,4.7,29.63,20,34.62155,20.00,361.0,4,3,1,,,,1,5,,,,,10,4,5271,杉山太陽,22,福岡,51.0,B2,2.34,7.35,1.5,3.85,16,32.35151,26.32,8.0,,,,,,,,,,,,,,5,4614,石倉洋行,44,福岡,54.0,B2,6.11,47.89,6.96,57.39,52,23.08112,29.63,153.0,3,2,4,,,,4,6,,,,,6,6,3619,長谷川充,50,群馬,53.0,B1,5.86,35.23,7.83,50.0,74,30.43164,16.00,512.0,6,5,5,,,,2,2,,,,,9
202404090103,１Ｒ  カタメン１一          Ｈ１８００ｍ  電話投票締切予定１２：３３,第6日,2024-04-09,ボートレース福岡,3R,カタメン３一,1800,13:29,1,4899,占部一真,32,福岡,52.0,B1,4.06,24.29,4.55,25.35,36,55.56128,27.78,3.0,2,6,1,,,,1,2,5,6,,,10,2,4656,大崎 翔,36,兵庫,60.0,B1,5.29,32.14,,,21,55.56146,67.86,5.0,5,5,2,,,,4,6,3,,,,8,3,3687,花田和明,54,愛知,54.0,A2,4.95,25.76,,,34,52.63135,27.59,5.0,3,3,6,,,,3,3,3,5,,,8,4,3981,今坂晃広,46,静岡,52.0,B1,4.81,23.47,4.67,22.22,51,40.00159,87.50,341.0,5,4,6,,,,5,6,,,,,7,5,4957,竹之内極,28,福岡,56.0,B1,5.36,34.65,5.07,27.78,37,62.96138,29.41,335.0,2,2,1,,,,5,3,,,,,10,6,5055,眞鳥章太,28,長崎,52.0,B1,5.28,31.19,3.96,25.0,57,25.00121,23.08,2.0,1,4,2,,,,1,6,4,6,,,11
202404090104,１Ｒ  カタメン１一          Ｈ１８００ｍ  電話投票締切予定１２：３３,第6日,2024-04-09,ボートレース福岡,4R,一般,1800,13:57,1,4816,村松修二,33,広島,53.0,A2,6.52,52.44,7.17,58.33,70,57.69127,33.33,1.0,3,6,1,,,,4,4,3,3,,,10,2,3315,広瀬聖仁,58,愛知,54.0,B1,5.29,35.53,4.43,14.29,14,16.67147,36.36,4.0,1,5,5,,,,2,1,1,5,,,11,3,3989,熊本英一,45,佐賀,59.0,B1,4.15,18.92,2.67,,55,30.77114,35.71,6.0,4,2,3,,,,4,2,3,5,,,8,4,4129,宇野博之,44,愛知,57.0,B1,4.72,24.14,4.6,20.0,24,19.23124,36.36,663.0,2,5,3,,,,6,2,,,,,,5,4425,大井清貴,38,山口,55.0,B1,4.99,30.77,4.68,29.41,75,33.33117,50.00,466.0,3,4,5,,,,4,,,,,,8,6,4790,柳内敬太,34,兵庫,51.0,A2,5.68,41.11,5.0,30.0,35,42.31133,30.77,2.0,6,2,4,5,6,,9,,,,,,
202404090105,１Ｒ  カタメン１一          Ｈ１８００ｍ  電話投票締切予定１２：３３,第6日,2024-04-09,ボートレース福岡,5R,一般,1800,14:25,1,4710,福田宗平,34,大阪,52.0,A2,6.58,53.54,6.52,41.94,48,32.3515,40.91,6.0,2,2,4,1,5,,1,1,,,,,,2,4046,谷村啓司,44,福岡,53.0,B1,4.41,19.77,3.69,9.38,31,34.4812,53.57,2.0,3,5,6,,,,6,6,4,,,,1,3,4835,橋本 明,35,広島,54.0,B1,4.84,20.93,5.12,29.41,61,34.48139,13.33,5.0,2,6,5,2,1,,4,3,,,,,9,4,4393,田中孝明,37,福岡,58.0,B2,4.4,19.05,4.86,22.86,30,40.00115,50.00,6.0,4,6,5,,,,4,5,3,,,,1,5,4253,西川真人,40,滋賀,57.0,B1,3.95,19.15,4.0,20.0,17,52.94142,32.14,5.0,5,4,1,,,,3,5,4,2,,,,6,4531,武富智亮,35,佐賀,54.0,A1,5.72,39.09,6.0,43.14,27,35.14161,18.52,1153552115.0,1,0,,,,,,,,,,,
202404090107,１Ｒ  カタメン１一          Ｈ１８００ｍ  電話投票締切予定１２：３３,第6日,2024-04-09,ボートレース福岡,7R,一般,1800,15:21,1,4842,山下昂大,31,岡山,56.0,A1,4.91,25.93,6.29,35.71,38,31.82126,21.05,5143334664.0,,,,,,,,,,,,,,2,3661,柳瀬興志,54,山口,59.0,B1,5.28,32.98,4.76,18.42,67,28.0014,13.04,4.0,1,5,6,,,,6,4,6,,,,,3,3981,今坂晃広,46,静岡,52.0,B1,4.81,23.47,4.67,22.22,51,40.00159,87.50,341.0,5,4,6,,,,5,6,,,,,3,4,4592,小林孝弘,43,山口,53.0,B1,4.44,22.58,4.56,25.0,42,4.35108,26.47,1.0,,,,,,,,,,,,,,5,4727,安部慎一,36,福岡,54.0,B1,4.44,21.05,4.76,29.63,40,51.85136,5.88,246.0,5,,,,,,5,4,2,,,,2,6,4288,永田啓二,39,福岡,52.0,A1,6.97,60.91,6.56,50.0,65,40.74152,19.35,2244123233.0,1,1,,,,,,,,,,,
202404090108,１Ｒ  カタメン１一          Ｈ１８００ｍ  電話投票締切予定１２：３３,第6日,2024-04-09,ボートレース福岡,8R,一般,1800,15:51,1,4356,長岡良也,40,兵庫,53.0,A1,6.44,47.13,6.38,38.1,50,25.00118,24.00,5441442214.0,1,1,,,,,,,,,,,,2,3989,熊本英一,45,佐賀,59.0,B1,4.15,18.92,2.67,,55,30.77114,35.71,6.0,4,2,3,,,,4,2,3,5,,,4,3,4425,大井清貴,38,山口,55.0,B1,4.99,30.77,4.68,29.41,75,33.33117,50.00,466.0,3,4,5,,,,4,,,,,,4,4,3687,花田和明,54,愛知,54.0,A2,4.95,25.76,,,34,52.63135,27.59,5.0,3,3,6,,,,3,3,3,5,,,3,5,4656,大崎 翔,36,兵庫,60.0,B1,5.29,32.14,,,21,55.56146,67.86,5.0,5,5,2,,,,4,6,3,,,,3,6,5271,杉山太陽,22,福岡,51.0,B2,2.34,7.35,1.5,3.85,16,32.35151,26.32,2.0,,,,,,,,,,,,,
202404090109,１Ｒ  カタメン１一          Ｈ１８００ｍ  電話投票締切予定１２：３３,第6日,2024-04-09,ボートレース福岡,9R,ペラ坊特選,1800,16:21,1,4790,柳内敬太,34,兵庫,51.0,A2,5.68,41.11,5.0,30.0,35,42.31133,30.77,2.0,6,2,4,5,6,,4,,,,,,,2,4084,杉山正樹,44,愛知,56.0,A1,6.74,45.45,6.85,45.45,28,47.2213,26.92,2515333216.0,,,,,,,,,,,,,,3,3619,長谷川充,50,群馬,53.0,B1,5.86,35.23,7.83,50.0,74,30.43164,16.00,512.0,6,5,5,,,,2,2,,,,,2,4,4835,橋本 明,35,広島,54.0,B1,4.84,20.93,5.12,29.41,61,34.48139,13.33,5.0,2,6,5,2,1,,4,3,,,,,5,5,4822,百武 翔,31,佐賀,51.0,A2,4.4,22.22,5.34,30.0,47,27.27132,12.50,351.0,1,5,6,5,5,,1,,,,,,,6,3718,伊達正利,49,静岡,56.0,B1,4.03,23.29,4.2,40.0,60,18.52158,48.15,231.0,4,6,5,,,,2,6,,,,,2
202404090110,１Ｒ  カタメン１一          Ｈ１８００ｍ  電話投票締切予定１２：３３,第6日,2024-04-09,ボートレース福岡,10R,選抜戦,1800,16:53,1,4957,竹之内極,28,福岡,56.0,B1,5.36,34.65,5.07,27.78,37,62.96138,29.41,335.0,2,2,1,,,,5,3,,,,,3,2,4816,村松修二,33,広島,53.0,A2,6.52,52.44,7.17,58.33,70,57.69127,33.33,1.0,3,6,1,,,,4,4,3,3,,,4,3,4531,武富智亮,35,佐賀,54.0,A1,5.72,39.09,6.0,43.14,27,35.14161,18.52,1153552115.0,5,,,,,,,,,,,,,4,3631,田添康介,54,長崎,54.0,B1,5.28,37.31,4.7,29.63,20,34.62155,20.00,361.0,4,3,1,,,,1,5,,,,,2,5,4899,占部一真,32,福岡,52.0,B1,4.06,24.29,4.55,25.35,36,55.56128,27.78,3.0,2,6,1,,,,1,2,5,6,,,3,6,4948,木場悠介,31,長崎,53.0,A2,5.69,37.61,6.63,50.0,72,24.00122,34.78,322.0,2,6,3,3,5,,6,,,,,,
202404090111,１Ｒ  カタメン１一          Ｈ１８００ｍ  電話投票締切予定１２：３３,第6日,2024-04-09,ボートレース福岡,11R,選抜戦,1800,17:25,1,4288,永田啓二,39,福岡,52.0,A1,6.97,60.91,6.56,50.0,65,40.74152,19.35,2244123233.0,7,,,,,,,,,,,,,2,4640,山ノ内雅,33,福岡,54.0,A2,6.09,41.67,5.27,40.0,66,51.85129,62.96,16516.0,1,3,1,4,,,6,,,,,,,3,4356,長岡良也,40,兵庫,53.0,A1,6.44,47.13,6.38,38.1,50,25.00118,24.00,5441442214.0,8,,,,,,,,,,,,,4,3315,広瀬聖仁,58,愛知,54.0,B1,5.29,35.53,4.43,14.29,14,16.67147,36.36,4.0,1,5,5,,,,2,1,1,5,,,4,5,5055,眞鳥章太,28,長崎,52.0,B1,5.28,31.19,3.96,25.0,57,25.00121,23.08,2.0,1,4,2,,,,1,6,4,6,,,3,6,4710,福田宗平,34,大阪,52.0,A2,6.58,53.54,6.52,41.94,48,32.3515,40.91,6.0,2,2,4,1,5,,5,,,,,,
202404090112,１Ｒ  カタメン１一          Ｈ１８００ｍ  電話投票締切予定１２：３３,第6日,2024-04-09,ボートレース福岡,12R,優勝戦,1800,18:00,1,4458,抹香雄三,38,広島,53.0,B1,5.71,36.25,6.28,40.0,73,24.00148,36.00,3.0,3,1,1,,,,2,3,4,1,,,,2,4732,堀本和也,35,徳島,53.0,A1,5.85,33.91,6.04,37.04,71,65.38137,35.71,1422315121.0,,,,,,,,,,,,,,3,4888,金児隆太,36,群馬,53.0,A2,6.02,40.52,,,19,34.62125,44.00,1.0,4,5,1,4,1,,,,,,,,,4,4463,三苫晃幸,37,福岡,55.0,A1,5.78,39.5,5.96,40.0,29,30.77119,19.23,2621261212.0,,,,,,,,,,,,,,5,2878,富山弘幸,65,大阪,55.0,A2,6.02,42.37,5.85,38.46,18,40.63123,40.91,612.0,1,2,4,,,,5,2,,,,,,6,4769,馬場 剛,31,東京,51.0,A1,7.2,59.09,6.2,50.0,25,37.50131,26.32,2363315312.0,,,,,,,,,,,,,
202404092101,山口シネマカップ,第1日,2024-04-09,ボートレース若松,1R,予選,1800,15:20,1,4861,田中宏樹,35,福岡,53.0,B1,5.33,31.4,4.18,18.18,33,38.24,17,28.21,,,,,,,,,,,,,,2,4299,中島浩哉,41,長崎,57.0,B1,4.23,23.38,4.49,14.89,52,25.0,42,39.78,8,,,,,,,,,,,,,3,4496,内堀 学,36,東京,55.0,B1,5.45,35.19,3.76,17.65,40,31.51,23,37.5,9,,,,,,,,,,,,,4,4158,木場雄二,42,山口,58.0,B1,4.74,28.72,3.94,22.22,26,41.46,14,37.82,1,1,,,,,,,,,,,,5,4995,田邉亮蔵,32,東京,55.0,B1,3.58,12.99,,,53,20.63,15,34.57,1,0,,,,,,,,,,,,6,5244,黒田 剛,23,福岡,52.0,B2,2.09,4.48,2.24,,32,32.39,51,29.84,6,,,,,,,,,,,,
202404092102,山口シネマカップ,第1日,2024-04-09,ボートレース若松,2R,予選,1800,15:49,1,4106,坂井康嗣,44,佐賀,51.0,B1,4.58,25.3,4.48,24.24,41,44.87,20,33.33,,,,,,,,,,,,,,2,3463,乙津康志,56,東京,53.0,B1,4.56,22.67,,,58,23.73,70,25.56,1,0,,,,,,,,,,,,3,5142,常住 蓮,23,佐賀,52.0,A2,6.93,54.2,,,57,37.66,34,38.62,1,2,,,,,,,,,,,,4,3905,天野友和,46,愛知,55.0,A2,5.87,36.97,5.47,36.67,16,44.0,48,30.61,1,1,,,,,,,,,,,,5,4683,向井田直,33,広島,46.0,B1,4.94,29.69,5.52,43.48,11,32.89,75,35.08,9,,,,,,,,,,,,,6,4374,永田義紘,39,広島,52.0,B1,4.93,31.51,3.93,21.43,36,46.34,59,38.22,,,,,,,,,,,,,
202404092103,山口シネマカップ,第1日,2024-04-09,ボートレース若松,3R,予選,1800,16:14,1,4894,原村拓也,33,香川,52.0,B1,4.57,20.62,4.55,25.0,24,35.21,35,28.74,8,,,,,,,,,,,,,2,3892,草場康幸,48,佐賀,52.0,A2,5.45,35.71,5.18,32.65,8,26.09,61,27.01,1,0,,,,,,,,,,,,3,4918,川島拓郎,35,静岡,53.0,B1,4.84,27.27,,,3,32.05,50,44.16,7,,,,,,,,,,,,,4,3338,出本正博,58,広島,56.0,B2,2.78,10.0,2.38,4.17,21,38.75,54,32.65,,,,,,,,,,,,,,5,4555,富永大一,34,福岡,54.0,B1,5.15,31.31,4.94,30.61,46,38.96,65,33.87,9,,,,,,,,,,,,,6,3876,中辻崇人,47,福岡,53.0,A1,8.0,72.27,6.87,57.75,47,13.33,39,35.53,1,2,,,,,,,,,,,
202404092104,山口シネマカップ,第1日,2024-04-09,ボートレース若松,4R,予選,1800,16:40,1,4041,小林基樹,44,山口,55.0,B1,3.89,19.74,3.79,19.15,20,42.5,46,28.06,,,,,,,,,,,,,,2,5145,島川海輝,21,山口,54.0,A2,5.24,35.71,4.0,27.27,34,38.57,73,32.45,9,,,,,,,,,,,,,3,4600,井内将太,39,広島,50.0,A1,5.97,43.51,5.69,34.38,23,37.84,49,32.12,1,1,,,,,,,,,,,,4,4049,荒川健太,43,三重,57.0,A2,6.15,44.74,5.38,32.35,43,36.59,24,39.06,1,0,,,,,,,,,,,,5,3906,飯山晃三,46,長崎,60.0,B1,4.22,22.92,3.72,18.52,18,22.22,11,31.22,,,,,,,,,,,,,,6,4684,楠原翔太,33,福岡,56.0,B1,5.6,40.0,5.3,31.25,59,25.93,38,31.72,,,,,,,,,,,,,
202404092105,山口シネマカップ,第1日,2024-04-09,ボートレース若松,5R,進入固定戦隊 進入固定 Ｈ１８０,ｍ電,17:07,1,4136,江夏 満,43,福岡,54.0,A1,6.31,45.74,7.01,48.65,56,44.74,69,28.65,1,2,,,,,,,,,,,,2,3161,古場輝義,64,大阪,53.0,A2,5.59,40.0,5.75,30.0,9,37.18,32,27.27,1,0,,,,,,,,,,,,3,4303,牧原 崇,40,愛知,52.0,B1,5.41,35.35,5.14,14.29,51,49.33,44,29.32,1,1,,,,,,,,,,,,4,4809,外崎 悟,35,埼玉,52.0,A2,6.14,41.74,6.33,40.0,13,31.08,31,27.81,9,,,,,,,,,,,,,5,5138,村本大成,23,福岡,55.0,B2,3.19,6.45,3.04,7.69,30,21.13,13,26.46,,,,,,,,,,,,,,6,5312,川辺郭人,23,佐賀,54.0,B2,1.26,,1.11,,31,28.99,33,40.43,,,,,,,,,,,,,
202404092106,山口シネマカップ,第1日,2024-04-09,ボートレース若松,6R,予選,1800,17:37,1,4432,黄金井力,38,埼玉,57.0,B1,5.3,29.27,4.29,14.29,29,24.32,52,36.98,,,,,,,,,,,,,,2,3502,渡邉英児,54,静岡,53.0,A2,5.28,36.36,6.43,48.98,35,30.43,27,35.42,1,1,,,,,,,,,,,,3,5244,黒田 剛,23,福岡,52.0,B2,2.09,4.48,2.24,,32,32.39,51,29.84,1,,,,,,,,,,,,,4,4503,上野真之,36,佐賀,52.0,A1,8.22,69.42,6.84,43.24,6,39.44,72,38.62,1,2,,,,,,,,,,,,5,4429,豊田泰洋,38,広島,61.0,B1,4.14,22.78,3.72,17.24,27,44.44,22,40.93,,,,,,,,,,,,,,6,4022,待鳥雄紀,44,福岡,58.0,A2,6.12,44.95,6.07,44.32,2,33.78,67,23.94,1,0,,,,,,,,,,,
202404092107,山口シネマカップ,第1日,2024-04-09,ボートレース若松,7R,予選特賞,1800,18:04,1,3885,久田 武,50,愛知,54.0,A2,5.1,28.71,5.59,27.27,44,40.0,55,33.67,,,,,,,,,,,,,,2,4566,塩田北斗,36,福岡,54.0,A1,7.23,56.3,6.68,45.76,55,28.77,21,30.63,1,2,,,,,,,,,,,,3,3478,嶋田貴支,53,香川,53.0,B1,5.25,30.86,5.0,32.14,12,32.1,74,33.16,,,,,,,,,,,,,,4,3842,星野太郎,47,三重,53.0,A2,5.92,40.94,,,38,33.75,45,30.16,1,1,,,,,,,,,,,,5,4918,川島拓郎,35,静岡,53.0,B1,4.84,27.27,,,3,32.05,50,44.16,3,,,,,,,,,,,,,6,4551,三川昂暁,35,福岡,53.0,A2,6.01,40.43,4.82,24.44,5,38.16,53,23.89,,,,,,,,,,,,,
202404092108,山口シネマカップ,第1日,2024-04-09,ボートレース若松,8R,エイトビート,1800,18:33,1,4357,田中和也,39,大阪,54.0,A1,6.94,53.15,7.42,57.89,60,26.67,41,34.41,1,2,,,,,,,,,,,,2,3445,加藤高史,54,埼玉,54.0,A2,4.79,24.69,5.29,35.29,45,24.0,71,29.69,,,,,,,,,,,,,,3,5087,佐藤 航,24,埼玉,53.0,A2,5.34,36.96,,,28,41.77,40,30.52,,,,,,,,,,,,,,4,4894,原村拓也,33,香川,52.0,B1,4.57,20.62,4.55,25.0,24,35.21,35,28.74,3,,,,,,,,,,,,,5,5008,羽野 諒,27,福岡,52.0,B1,4.25,19.4,,,7,36.71,68,26.32,,,,,,,,,,,,,,6,4299,中島浩哉,41,長崎,57.0,B1,4.23,23.38,4.49,14.89,52,25.0,42,39.78,1,,,,,,,,,,,,
202404092109,山口シネマカップ,第1日,2024-04-09,ボートレース若松,9R,予選,1800,19:04,1,4809,外崎 悟,35,埼玉,52.0,A2,6.14,41.74,6.33,40.0,13,31.08,31,27.81,5,,,,,,,,,,,,,2,4555,富永大一,34,福岡,54.0,B1,5.15,31.31,4.94,30.61,46,38.96,65,33.87,3,,,,,,,,,,,,,3,4683,向井田直,33,広島,46.0,B1,4.94,29.69,5.52,43.48,11,32.89,75,35.08,2,,,,,,,,,,,,,4,4292,麻生慎介,39,広島,50.0,A1,6.41,43.33,6.22,43.24,1,32.05,19,39.68,,,,,,,,,,,,,,5,4496,内堀 学,36,東京,55.0,B1,5.45,35.19,3.76,17.65,40,31.51,23,37.5,1,,,,,,,,,,,,,6,5145,島川海輝,21,山口,54.0,A2,5.24,35.71,4.0,27.27,34,38.57,73,32.45,4,,,,,,,,,,,,
202404092110,山口シネマカップ,第1日,2024-04-09,ボートレース若松,10R,予選特賞,1800,19:36,1,4049,荒川健太,43,三重,57.0,A2,6.15,44.74,5.38,32.35,43,36.59,24,39.06,4,,,,,,,,,,,,,2,4995,田邉亮蔵,32,東京,55.0,B1,3.58,12.99,,,53,20.63,15,34.57,1,,,,,,,,,,,,,3,4022,待鳥雄紀,44,福岡,58.0,A2,6.12,44.95,6.07,44.32,2,33.78,67,23.94,6,,,,,,,,,,,,,4,3161,古場輝義,64,大阪,53.0,A2,5.59,40.0,5.75,30.0,9,37.18,32,27.27,5,,,,,,,,,,,,,5,3463,乙津康志,56,東京,53.0,B1,4.56,22.67,,,58,23.73,70,25.56,2,,,,,,,,,,,,,6,3892,草場康幸,48,佐賀,52.0,A2,5.45,35.71,5.18,32.65,8,26.09,61,27.01,3,,,,,,,,,,,,
202404092111,山口シネマカップ,第1日,2024-04-09,ボートレース若松,11R,予選特選,1800,20:07,1,4600,井内将太,39,広島,50.0,A1,5.97,43.51,5.69,34.38,23,37.84,49,32.12,4,,,,,,,,,,,,,2,3905,天野友和,46,愛知,55.0,A2,5.87,36.97,5.47,36.67,16,44.0,48,30.61,2,,,,,,,,,,,,,3,4158,木場雄二,42,山口,58.0,B1,4.74,28.72,3.94,22.22,26,41.46,14,37.82,1,,,,,,,,,,,,,4,3502,渡邉英児,54,静岡,53.0,A2,5.28,36.36,6.43,48.98,35,30.43,27,35.42,6,,,,,,,,,,,,,5,4303,牧原 崇,40,愛知,52.0,B1,5.41,35.35,5.14,14.29,51,49.33,44,29.32,5,,,,,,,,,,,,,6,3842,星野太郎,47,三重,53.0,A2,5.92,40.94,,,38,33.75,45,30.16,7,,,,,,,,,,,,
202404092112,山口シネマカップ,第1日,2024-04-09,ボートレース若松,12R,ドリーム戦,1800,20:38,1,4566,塩田北斗,36,福岡,54.0,A1,7.23,56.3,6.68,45.76,55,28.77,21,30.63,7,,,,,,,,,,,,,2,4503,上野真之,36,佐賀,52.0,A1,8.22,69.42,6.84,43.24,6,39.44,72,38.62,6,,,,,,,,,,,,,3,3876,中辻崇人,47,福岡,53.0,A1,8.0,72.27,6.87,57.75,47,13.33,39,35.53,3,,,,,,,,,,,,,4,4136,江夏 満,43,福岡,54.0,A1,6.31,45.74,7.01,48.65,56,44.74,69,28.65,5,,,,,,,,,,,,,5,4357,田中和也,39,大阪,54.0,A1,6.94,53.15,7.42,57.89,60,26.67,41,34.41,8,,,,,,,,,,,,,6,5142,常住 蓮,23,佐賀,52.0,A2,6.93,54.2,,,57,37.66,34,38.62,2,,,,,,,,,,,,
202404091701,児島キングカップ開設７２周年記念競走,第6日,2024-04-09,ボートレース児島,1R,一般,1800,10:40,1,3854,吉川元浩,51,兵庫,51.0,A1,7.63,54.64,7.29,37.5,42,40.22,13,32.91,2,2,4,,,,4,2,3,,,,4,2,4886,入海 馨,28,岡山,55.0,A1,6.29,45.56,6.35,42.02,49,36.84,48,38.96,5,3,6,,,,4,,,,,,3254,3,4804,高田ひか,29,三重,47.0,A1,6.1,44.78,4.24,17.65,28,42.86,73,43.06,6,,,,,,3,,,,,,665,4,4743,木村仁紀,31,滋賀,55.0,A1,6.59,49.62,6.63,43.75,54,21.92,45,23.38,4,,,,,,5,5,,,,,6,5,5136,濱野斗馬,24,香川,53.0,A1,6.57,49.59,6.0,50.0,64,32.93,39,38.37,4,,,,,,3,,,,,,46145,6,4441,末永由楽,37,岡山,54.0,A1,6.57,46.55,6.28,43.7,13,38.95,22,30.59,6,,,,,,4,,,,,,42F63
202404091702,児島キングカップ開設７２周年記念競走,第6日,2024-04-09,ボートレース児島,2R,一般,1800,11:08,1,4685,島村隆幸,33,徳島,52.0,A1,7.11,45.54,7.88,62.79,60,42.35,34,41.67,1,5,3,,,,1,4,2,,,,6,2,4398,船岡洋一,37,広島,52.0,A1,6.84,50.88,6.84,52.63,29,44.3,37,35.53,2,,,,,,2,6,5,,,,654,3,4932,新開 航,28,福岡,51.0,A1,6.77,43.9,6.92,50.0,62,37.5,25,40.26,6,3,6,,,,1,3,5,,,,33,4,4584,村岡賢人,34,岡山,54.0,A1,6.88,50.0,6.98,51.41,19,46.15,72,30.77,6,,,,,,2,2,4,,,,3625,5,4290,稲田浩二,39,兵庫,52.0,A1,7.36,60.0,6.55,36.36,30,32.22,38,29.63,6,,,,,,6,5,5,,,,6153,6,4397,西村拓也,37,大阪,52.0,A1,6.2,34.34,7.42,42.42,21,45.68,70,42.67,4,2,4,,,,3,5,2,,,,14
202404091703,児島キングカップ開設７２周年記念競走,第6日,2024-04-09,ボートレース児島,3R,一般,1800,11:37,1,3737,上平真二,50,広島,54.0,A1,7.22,51.58,8.35,61.54,18,32.91,29,33.75,1,1,1,,,,4,6,3,,,,5,2,4980,佐々木完,27,山口,53.0,A1,7.31,59.32,7.11,50.0,22,36.9,58,32.14,5,,,,,,1,4,4,,,,4346,3,4762,藤原啓史,34,岡山,49.0,A1,7.34,48.67,6.72,48.15,67,28.09,59,31.17,1,6,1,,,,6,5,2,,,,14,4,4166,吉田拡郎,41,岡山,53.0,A1,6.58,38.89,7.42,56.8,69,31.65,18,40.48,3,5,6,,,,6,2,5,,,,22,5,4427,秦 英悟,38,大阪,52.0,A1,7.22,53.33,7.55,52.63,32,37.66,50,37.97,4,,,,,,2,5,1,,,,3615,6,4362,土屋智則,39,群馬,53.0,A1,6.46,34.02,,,52,28.87,46,34.88,4,4,2,,,,2,3,5,,,,62
202404091704,児島キングカップ開設７２周年記念競走,第6日,2024-04-09,ボートレース児島,4R,一般,1800,12:07,1,4050,田口節子,43,岡山,46.0,A1,7.11,56.25,7.53,63.92,15,32.58,44,37.14,5,3,4,,,,1,6,4,,,,23,2,3415,松井 繁,54,大阪,51.0,A1,7.35,44.74,6.81,30.56,43,36.67,12,31.17,6,5,4,,,,6,,,,,,3331,3,4227,安達裕樹,41,三重,52.0,A1,6.31,39.78,6.9,55.0,24,29.07,32,36.47,4,,,,,,3,5,3,,,,2313,4,3874,山本寛久,47,岡山,52.0,A1,6.51,37.9,6.13,40.52,44,37.04,16,33.77,5,,,,,,3,5,5,,,,4416,5,4030,森高一真,45,香川,50.0,A1,7.14,50.0,6.68,39.13,20,47.44,19,32.47,1,4,1,,,,2,3,4,,,,3,6,4061,萩原秀人,44,福井,55.0,A1,7.12,45.37,6.57,27.27,35,25.58,43,31.08,1,6,3,,,,5,5,1,,,,41
202404091705,児島キングカップ開設７２周年記念競走,第6日,2024-04-09,ボートレース児島,5R,一般,1800,12:40,1,4851,関 浩哉,29,群馬,51.0,A1,7.61,56.52,7.0,35.29,33,34.94,61,32.93,2,2,1,,,,5,6,2,,,,4,2,4713,白神 優,33,岡山,55.0,A1,6.65,49.62,6.24,40.0,41,37.08,75,35.21,6,,,,,,1,4,6,,,,5542,3,4296,岡崎恭裕,37,福岡,50.0,A1,7.29,55.36,7.14,40.48,38,36.17,55,33.73,2,,,,,,4,4,6,,,,2464,4,3716,石渡鉄兵,49,東京,54.0,A1,6.77,44.76,6.12,23.53,47,39.24,28,41.56,3,5,3,,,,2,6,6,,,,66,5,4320,峰 竜太,39,佐賀,51.0,A1,8.01,58.67,9.25,62.5,51,39.53,27,29.63,3,5,1,,,,2,3,2,,,,3,6,4074,柳沢 一,42,愛知,52.0,A1,6.87,46.22,6.53,40.43,46,39.77,14,35.44,2,,,,,,5,3,1,,,,4516
202404091706,児島キングカップ開設７２周年記念競走,第6日,2024-04-09,ボートレース児島,6R,一般,1800,13:12,1,3897,白井英治,47,山口,55.0,A1,7.33,51.76,8.65,64.71,27,24.69,68,39.71,3,,,,,,1,6,2,1,3,,6,2,4537,渡邉和将,34,岡山,51.0,A1,6.61,46.67,6.73,50.75,12,29.9,35,34.48,3,,,,,,1,6,4,,,,5246,3,4344,新田雄史,39,三重,54.0,A1,7.33,51.46,7.31,55.56,63,47.37,36,41.67,4,1,3,,,,5,2,6,,,,21,4,4397,西村拓也,37,大阪,52.0,A1,6.2,34.34,7.42,42.42,21,45.68,70,42.67,4,2,4,,,,3,5,2,,,,14,5,4743,木村仁紀,31,滋賀,55.0,A1,6.59,49.62,6.63,43.75,54,21.92,45,23.38,4,,,,,,5,5,,,,,1,6,4643,近江翔吾,31,香川,53.0,A1,6.74,47.9,6.83,38.3,57,29.07,64,45.45,4,,,,,,5,3,3,,,,F15
202404091707,児島キングカップ開設７２周年記念競走,第6日,2024-04-09,ボートレース児島,7R,一般,1800,13:44,1,4013,中島孝平,44,福井,52.0,A1,6.68,36.79,6.49,29.73,53,32.29,41,45.68,3,2,5,,,,1,,,,,,235,2,4584,村岡賢人,34,岡山,54.0,A1,6.88,50.0,6.98,51.41,19,46.15,72,30.77,6,,,,,,2,2,4,,,,3625,3,4362,土屋智則,39,群馬,53.0,A1,6.46,34.02,,,52,28.87,46,34.88,4,4,2,,,,2,3,5,,,,62,4,4933,板橋侑我,27,静岡,53.0,A1,6.65,39.76,5.65,30.0,39,29.07,54,50.88,6,6,2,,,,5,,,,,,1663,5,4804,高田ひか,29,三重,47.0,A1,6.1,44.78,4.24,17.65,28,42.86,73,43.06,6,,,,,,3,,,,,,665,6,4444,桐生順平,37,埼玉,52.0,A1,7.4,36.05,8.51,60.98,55,37.78,62,50.68,5,1,2,,,,4,1,1,,,,F
202404091708,児島キングカップ開設７２周年記念競走,第6日,2024-04-09,ボートレース児島,8R,一般,1800,14:18,1,4418,茅原悠紀,36,岡山,56.0,A1,8.09,54.74,8.38,70.55,45,32.18,47,30.95,1,,,,,,6,2,2,,,,523,2,4427,秦 英悟,38,大阪,52.0,A1,7.22,53.33,7.55,52.63,32,37.66,50,37.97,4,,,,,,2,5,1,,,,3615,3,4787,椎名 豊,35,群馬,52.0,A1,6.93,46.28,4.14,,25,26.53,67,31.65,3,,,,,,6,5,1,,,,3622,4,4398,船岡洋一,37,広島,52.0,A1,6.84,50.88,6.84,52.63,29,44.3,37,35.53,2,,,,,,2,6,5,,,,654,5,4050,田口節子,43,岡山,46.0,A1,7.11,56.25,7.53,63.92,15,32.58,44,37.14,5,3,4,,,,1,6,4,,,,23,6,4808,松尾 拓,35,三重,52.0,A1,5.99,39.76,6.0,41.3,66,55.29,42,28.75,4,1,1,,,,3,5,1,,,,F
202404091709,児島キングカップ開設７２周年記念競走,第6日,2024-04-09,ボートレース児島,9R,一般,1800,14:51,1,4166,吉田拡郎,41,岡山,53.0,A1,6.58,38.89,7.42,56.8,69,31.65,18,40.48,3,5,6,,,,6,2,5,,,,22,2,5136,濱野斗馬,24,香川,53.0,A1,6.57,49.59,6.0,50.0,64,32.93,39,38.37,4,,,,,,3,,,,,,46145,3,4074,柳沢 一,42,愛知,52.0,A1,6.87,46.22,6.53,40.43,46,39.77,14,35.44,2,,,,,,5,3,1,,,,4516,4,4932,新開 航,28,福岡,51.0,A1,6.77,43.9,6.92,50.0,62,37.5,25,40.26,6,3,6,,,,1,3,5,,,,33,5,3415,松井 繁,54,大阪,51.0,A1,7.35,44.74,6.81,30.56,43,36.67,12,31.17,6,5,4,,,,6,,,,,,3331,6,4482,守屋美穂,35,岡山,46.0,A1,7.57,54.9,7.29,56.83,31,36.14,71,36.71,6,,,,,,2,2,3,3,1,,F
202404091710,児島キングカップ開設７２周年記念競走,第6日,2024-04-09,ボートレース児島,10R,特別選抜戦,1800,15:29,1,4030,森高一真,45,香川,50.0,A1,7.14,50.0,6.68,39.13,20,47.44,19,32.47,1,4,1,,,,2,3,4,,,,3,2,3854,吉川元浩,51,兵庫,51.0,A1,7.63,54.64,7.29,37.5,42,40.22,13,32.91,2,2,4,,,,4,2,3,,,,4,3,4851,関 浩哉,29,群馬,51.0,A1,7.61,56.52,7.0,35.29,33,34.94,61,32.93,2,2,1,,,,5,6,2,,,,4,4,3897,白井英治,47,山口,55.0,A1,7.33,51.76,8.65,64.71,27,24.69,68,39.71,3,,,,,,1,6,2,1,3,,6,5,4685,島村隆幸,33,徳島,52.0,A1,7.11,45.54,7.88,62.79,60,42.35,34,41.67,1,5,3,,,,1,4,2,,,,6,6,4762,藤原啓史,34,岡山,49.0,A1,7.34,48.67,6.72,48.15,67,28.09,59,31.17,1,6,1,,,,6,5,2,,,,14
202404091711,児島キングカップ開設７２周年記念競走,第6日,2024-04-09,ボートレース児島,11R,特別選抜戦,1800,16:08,1,4320,峰 竜太,39,佐賀,51.0,A1,8.01,58.67,9.25,62.5,51,39.53,27,29.63,3,5,1,,,,2,3,2,,,,3,2,4418,茅原悠紀,36,岡山,56.0,A1,8.09,54.74,8.38,70.55,45,32.18,47,30.95,1,,,,,,6,2,2,,,,523,3,4013,中島孝平,44,福井,52.0,A1,6.68,36.79,6.49,29.73,53,32.29,41,45.68,3,2,5,,,,1,,,,,,235,4,3737,上平真二,50,広島,54.0,A1,7.22,51.58,8.35,61.54,18,32.91,29,33.75,1,1,1,,,,4,6,3,,,,5,5,4344,新田雄史,39,三重,54.0,A1,7.33,51.46,7.31,55.56,63,47.37,36,41.67,4,1,3,,,,5,2,6,,,,21,6,4227,安達裕樹,41,三重,52.0,A1,6.31,39.78,6.9,55.0,24,29.07,32,36.47,4,,,,,,3,5,3,,,,2313
202404091712,児島キングカップ開設７２周年記念競走,第6日,2024-04-09,ボートレース児島,12R,優勝戦,1800,16:50,1,4468,大池佑来,37,東京,52.0,A1,6.86,49.11,6.13,46.88,34,40.96,40,46.84,2,4,1,,,,2,4,1,,,,1,2,4494,河合佑樹,37,静岡,51.0,A1,7.56,62.5,6.77,40.0,17,38.89,69,32.84,1,,,,,,2,4,1,,,,241,3,3960,菊地孝平,45,静岡,55.0,A1,7.58,53.57,7.38,49.06,56,39.77,23,31.94,5,,,,,,4,5,1,,,,511,4,4445,宮地元輝,37,佐賀,56.0,A1,6.71,41.23,6.28,34.48,50,31.82,21,34.94,2,,,,,,3,1,4,,,,442,5,4831,羽野直也,29,福岡,54.0,A1,6.75,37.33,8.33,46.67,58,27.5,49,32.47,4,,,,,,5,3,5,1,1,,2,6,4604,岩瀬裕亮,35,愛知,53.0,A1,6.4,45.16,6.07,37.04,59,36.47,20,36.36,3,3,6,,,,3,3,1,,,,2
202404091501,１Ｒ  とるならなる          Ｈ１２００ｍ  電話投票締切予定０８：４７,第2日,2024-04-09,ボートレース鳴門,1R,とるならなる,1200,08:47,1,3955,眞田英二,46,徳島,52.0,A2,5.17,37.78,5.81,35.38,30,,18,33.33,4,,,,,,1,0,,,,,,2,5060,数原 魁,26,兵庫,51.0,B1,4.96,31.87,4.22,13.89,33,25.0,33,14.29,6,,,,,,8,,,,,,,3,4951,新田洋一,30,広島,54.0,B2,5.29,39.47,4.57,18.97,31,40.0,37,16.67,5,,,,,,5,,,,,,,4,4766,石井孝之,33,群馬,55.0,B1,4.0,17.39,,,80,,34,37.5,3,,,,,,9,,,,,,,5,4314,青木幸太,39,福岡,51.0,B1,5.53,40.74,3.36,18.18,82,,35,12.5,5,5,,,,,,,,,,,,6,4740,齋藤達希,32,静岡,53.0,B1,4.55,26.88,6.0,41.18,51,37.5,70,,4,,,,,,6,,,,,,
202404091502,１Ｒ  とるならなる          Ｈ１２００ｍ  電話投票締切予定０８：４７,第2日,2024-04-09,ボートレース鳴門,2R,どーなるなる,1200,09:13,1,3832,下田哲也,49,香川,54.0,B1,5.06,27.78,4.46,20.27,75,,61,,4,,,,,,6,,,,,,,2,4636,赤池修平,34,徳島,53.0,B1,4.16,20.78,4.36,27.72,38,16.67,55,28.57,1,,,,,,1,1,,,,,,3,3577,向所浩二,51,兵庫,59.0,B1,5.96,43.84,5.73,32.43,66,,32,40.0,3,5,,,,,1,0,,,,,,4,4189,川上 剛,42,福岡,56.0,A1,6.6,50.38,6.35,47.06,72,,57,37.5,1,6,,,,,8,,,,,,,5,4000,松本博昭,47,広島,56.0,A2,5.98,43.48,5.8,37.14,79,,28,33.33,4,1,,,,,,,,,,,,6,4752,西尾亮輔,35,愛知,52.0,B1,4.4,20.0,4.79,21.43,64,,51,16.67,6,,,,,,9,,,,,,
202404091503,１Ｒ  とるならなる          Ｈ１２００ｍ  電話投票締切予定０８：４７,第2日,2024-04-09,ボートレース鳴門,3R,どきどきなる,1200,09:39,1,3939,渡辺真至,46,愛知,54.0,A2,6.14,41.38,6.28,48.72,68,,30,25.0,1,,,,,,7,,,,,,,2,4840,鈴木秀茉,32,静岡,52.0,B1,5.07,28.24,3.17,16.67,78,,80,,5,,,,,,1,0,,,,,,3,4025,山本隆幸,46,兵庫,52.0,A2,6.54,42.86,7.03,51.52,10,37.5,78,,2,,,,,,1,2,,,,,,4,5159,笠間憲哉,25,愛知,51.0,B1,3.51,13.92,,,65,,81,,6,5,,,,,,,,,,,,5,5302,秋末秦悟,21,大阪,54.0,B2,2.02,3.7,,,39,16.67,73,,3,,,,,,8,,,,,,,6,4155,長野壮志,43,福岡,56.0,A1,7.06,57.29,6.18,47.06,69,,53,28.57,2,4,,,,,9,,,,,,
202404091504,１Ｒ  とるならなる          Ｈ１２００ｍ  電話投票締切予定０８：４７,第2日,2024-04-09,ボートレース鳴門,4R,とにかくなる,1200,10:05,1,4437,中田元泰,37,香川,55.0,A1,6.33,43.52,6.76,48.98,19,14.29,39,16.67,1,2,,,,,1,1,,,,,,2,3736,岡本 猛,50,大阪,54.0,B1,5.03,27.18,3.38,12.5,56,,23,33.33,2,3,,,,,1,0,,,,,,3,3243,佐野隆仁,59,大阪,52.0,B2,3.11,12.31,,,54,,63,,4,6,,,,,,,,,,,,4,4674,池田剛規,36,福岡,53.0,B1,5.65,35.79,5.03,27.03,74,,20,14.29,2,,,,,,8,,,,,,,5,3853,岩崎正哉,51,福岡,56.0,A2,6.16,42.99,5.82,29.41,58,16.67,54,16.67,2,,,,,,1,2,,,,,,6,4529,嶋 義信,35,香川,53.0,A2,5.76,35.71,5.52,38.03,67,,74,,4,6,,,,,9,,,,,,
202404091505,１Ｒ  とるならなる          Ｈ１２００ｍ  電話投票締切予定０８：４７,第2日,2024-04-09,ボートレース鳴門,5R,予選,1200,10:34,1,4539,金子賢志,33,群馬,53.0,A2,5.74,43.09,5.86,39.29,11,16.67,79,,2,3,,,,,,,,,,,,2,4342,谷野錬志,39,静岡,54.0,A1,7.22,54.46,9.22,88.89,29,12.5,68,,1,1,,,,,1,0,,,,,,3,5068,前田 滉,24,愛知,52.0,B1,6.78,57.32,,,36,14.29,65,,6,,,,,,1,2,,,,,,4,4156,浜野孝志,43,三重,57.0,A2,5.87,42.96,7.29,57.14,13,,66,,5,1,,,,,1,1,,,,,,5,4951,新田洋一,30,広島,54.0,B2,5.29,39.47,4.57,18.97,31,40.0,37,16.67,5,,,,,,1,,,,,,,6,5239,上野俊樹,23,福岡,49.0,B2,3.24,9.09,,,77,,69,,3,4,,,,,,,,,,,
202404091506,１Ｒ  とるならなる          Ｈ１２００ｍ  電話投票締切予定０８：４７,第2日,2024-04-09,ボートレース鳴門,6R,予選,1200,11:04,1,4545,岡村慶太,36,福岡,55.0,A1,6.65,50.0,6.81,43.75,53,16.67,75,,3,2,,,,,1,2,,,,,,2,4015,前野竜一,44,山口,59.0,A2,5.83,36.73,6.26,25.81,76,,64,,5,4,,,,,1,1,,,,,,3,3832,下田哲也,49,香川,54.0,B1,5.06,27.78,4.46,20.27,75,,61,,4,,,,,,2,,,,,,,4,4740,齋藤達希,32,静岡,53.0,B1,4.55,26.88,6.0,41.18,51,37.5,70,,4,,,,,,1,,,,,,,5,3535,渡 修平,51,兵庫,53.0,B1,4.63,20.63,4.21,28.57,23,33.33,56,,3,5,,,,,,,,,,,,6,3717,立間充宏,49,岡山,57.0,A1,5.36,33.05,5.98,47.46,24,28.57,77,,2,4,,,,,1,0,,,,,
202404091507,１Ｒ  とるならなる          Ｈ１２００ｍ  電話投票締切予定０８：４７,第2日,2024-04-09,ボートレース鳴門,7R,予選,1200,11:35,1,4390,松本弓雄,38,徳島,53.0,B1,4.15,18.99,3.91,13.45,20,33.33,22,16.67,5,2,,,,,,,,,,,,2,5034,若林義人,26,静岡,56.0,A2,6.15,45.54,6.17,44.44,12,16.67,67,,1,3,,,,,1,2,,,,,,3,3919,村上 純,49,岡山,55.0,B1,4.54,26.92,5.54,35.09,63,,82,,4,6,,,,,,,,,,,,4,5016,宮田龍馬,26,兵庫,53.0,A1,6.83,50.0,6.45,42.11,73,,26,16.67,1,5,,,,,1,1,,,,,,5,3939,渡辺真至,46,愛知,54.0,A2,6.14,41.38,6.28,48.72,68,,30,25.0,1,,,,,,3,,,,,,,6,4273,佐藤 旭,41,静岡,54.0,B1,5.76,41.23,,,81,,36,,6,6,,,,,,,,,,,
202404091508,１Ｒ  とるならなる          Ｈ１２００ｍ  電話投票締切予定０８：４７,第2日,2024-04-09,ボートレース鳴門,8R,予選,1200,12:07,1,4674,池田剛規,36,福岡,53.0,B1,5.65,35.79,5.03,27.03,74,,20,14.29,2,,,,,,4,,,,,,,2,4189,川上 剛,42,福岡,56.0,A1,6.6,50.38,6.35,47.06,72,,57,37.5,1,6,,,,,2,,,,,,,3,4361,柳生泰二,39,山口,54.0,A1,7.41,55.86,,,37,,50,,1,3,,,,,1,2,,,,,,4,5172,田村 慶,23,徳島,52.0,B1,4.61,24.05,4.35,21.5,32,16.67,76,,4,3,,,,,,,,,,,,5,5060,数原 魁,26,兵庫,51.0,B1,4.96,31.87,4.22,13.89,33,25.0,33,14.29,6,,,,,,1,,,,,,,6,5302,秋末秦悟,21,大阪,54.0,B2,2.02,3.7,,,39,16.67,73,,3,,,,,,3,,,,,,
202404091509,１Ｒ  とるならなる          Ｈ１２００ｍ  電話投票締切予定０８：４７,第2日,2024-04-09,ボートレース鳴門,9R,特賞,1200,12:40,1,3870,寺嶋 雄,48,福井,52.0,B1,4.74,23.08,4.86,42.86,71,,11,,6,2,,,,,,,,,,,,2,4155,長野壮志,43,福岡,56.0,A1,7.06,57.29,6.18,47.06,69,,53,28.57,2,4,,,,,3,,,,,,,3,4529,嶋 義信,35,香川,53.0,A2,5.76,35.71,5.52,38.03,67,,74,,4,6,,,,,4,,,,,,,4,4752,西尾亮輔,35,愛知,52.0,B1,4.4,20.0,4.79,21.43,64,,51,16.67,6,,,,,,2,,,,,,,5,4766,石井孝之,33,群馬,55.0,B1,4.0,17.39,,,80,,34,37.5,3,,,,,,1,,,,,,,6,4066,東本勝利,44,三重,53.0,A2,6.28,46.24,5.6,28.0,34,28.57,19,16.67,1,5,,,,,,,,,,,
202404091510,１Ｒ  とるならなる          Ｈ１２００ｍ  電話投票締切予定０８：４７,第2日,2024-04-09,ボートレース鳴門,10R,特賞,1200,13:14,1,3577,向所浩二,51,兵庫,59.0,B1,5.96,43.84,5.73,32.43,66,,32,40.0,3,5,,,,,2,,,,,,,2,3717,立間充宏,49,岡山,57.0,A1,5.36,33.05,5.98,47.46,24,28.57,77,,2,4,,,,,6,,,,,,,3,4840,鈴木秀茉,32,静岡,52.0,B1,5.07,28.24,3.17,16.67,78,,80,,5,,,,,,3,,,,,,,4,4342,谷野錬志,39,静岡,54.0,A1,7.22,54.46,9.22,88.89,29,12.5,68,,1,1,,,,,5,,,,,,,5,3955,眞田英二,46,徳島,52.0,A2,5.17,37.78,5.81,35.38,30,,18,33.33,4,,,,,,1,,,,,,,6,3736,岡本 猛,50,大阪,54.0,B1,5.03,27.18,3.38,12.5,56,,23,33.33,2,3,,,,,4,,,,,,
202404091511,１Ｒ  とるならなる          Ｈ１２００ｍ  電話投票締切予定０８：４７,第2日,2024-04-09,ボートレース鳴門,11R,特選,1200,13:49,1,4156,浜野孝志,43,三重,57.0,A2,5.87,42.96,7.29,57.14,13,,66,,5,1,,,,,5,,,,,,,2,4734,安河内将,34,佐賀,51.0,A2,6.47,44.19,6.37,47.37,70,,62,,2,3,,,,,,,,,,,,3,5016,宮田龍馬,26,兵庫,53.0,A1,6.83,50.0,6.45,42.11,73,,26,16.67,1,5,,,,,7,,,,,,,4,4015,前野竜一,44,山口,59.0,A2,5.83,36.73,6.26,25.81,76,,64,,5,4,,,,,6,,,,,,,5,4437,中田元泰,37,香川,55.0,A1,6.33,43.52,6.76,48.98,19,14.29,39,16.67,1,2,,,,,4,,,,,,,6,4636,赤池修平,34,徳島,53.0,B1,4.16,20.78,4.36,27.72,38,16.67,55,28.57,1,,,,,,2,,,,,,
202404091512,１Ｒ  とるならなる          Ｈ１２００ｍ  電話投票締切予定０８：４７,第2日,2024-04-09,ボートレース鳴門,12R,特選,1200,14:27,1,4361,柳生泰二,39,山口,54.0,A1,7.41,55.86,,,37,,16,42.86,1,3,,,,,8,,,,,,,2,5068,前田 滉,24,愛知,52.0,B1,6.78,57.32,,,36,14.29,65,,6,,,,,,5,,,,,,,3,4545,岡村慶太,36,福岡,55.0,A1,6.65,50.0,6.81,43.75,53,16.67,75,,3,2,,,,,6,,,,,,,4,3853,岩崎正哉,51,福岡,56.0,A2,6.16,42.99,5.82,29.41,58,16.67,54,16.67,2,,,,,,4,,,,,,,5,5034,若林義人,26,静岡,56.0,A2,6.15,45.54,6.17,44.44,12,16.67,67,,1,3,,,,,7,,,,,,,6,4025,山本隆幸,46,兵庫,52.0,A2,6.54,42.86,7.03,51.52,10,37.5,78,,2,,,,,,3,,,,,,
202404091001,絶好調者三国ダービー,第4日,2024-04-09,ボートレース三国,1R,みくにあさイ,1800,08:35,1,3621,天野晶夫,50,愛知,56.0,A1,6.16,40.16,6.93,58.62,61,50.0,72,29.63,2,4,3,1,4,,1,1,,,,,,2,4068,幸田智裕,43,静岡,52.0,B1,5.4,33.65,5.25,25.0,19,24.24,70,37.04,2,2,6,,,,4,2,,,,,,3,4864,小川日紀,34,福岡,54.0,B1,5.0,31.58,5.45,27.59,58,20.0,60,31.03,6,,,,,,2,6,5,,,,7,4,3710,吉永泰弘,49,香川,54.0,B1,4.4,20.59,3.79,15.79,21,25.0,50,46.15,4,6,6,,,,4,,,,,,8,5,5190,大月遊雅,23,東京,54.0,B1,4.42,28.41,,,17,29.63,18,13.33,3,,,,,,4,2,,,,,9,6,5232,樅山拓馬,26,愛知,53.0,B1,4.02,21.36,1.35,,22,51.85,49,18.18,4,,,,,,4,2,6,,,,5
202404091002,絶好調者三国ダービー,第4日,2024-04-09,ボートレース三国,2R,みくにあさガ,1800,09:01,1,3557,太田和美,51,大阪,54.0,A1,6.53,40.4,7.42,60.0,49,37.04,69,22.58,3,1,2,4,4,,1,2,,,,,,2,4460,後藤翔之,38,東京,55.0,A1,6.12,42.31,6.33,44.19,37,40.0,13,26.67,1,4,3,,,,3,3,,,,,11,3,3156,金子良昭,59,静岡,54.0,B1,5.0,36.0,6.85,47.06,51,19.35,20,36.67,6,5,1,,,,4,,,,,,6,4,5273,山下拓巳,22,兵庫,52.0,B2,2.9,5.19,2.49,2.86,57,26.92,28,30.43,5,,,,,,6,,,,,,65,5,3833,中辻博訓,49,福井,55.0,A1,6.52,46.67,6.87,49.75,45,26.67,33,37.5,4,2,1,2,2,,1,0,,,,,,6,3400,樋江井愼,56,愛知,59.0,B2,3.73,16.22,4.46,15.38,64,48.48,47,65.38,6,,,,,,5,,,,,,66
202404091003,絶好調者三国ダービー,第4日,2024-04-09,ボートレース三国,3R,みくにあさズ,1800,09:27,1,3256,三角哲男,57,東京,52.0,A1,6.38,48.54,8.3,90.0,39,25.0,19,26.67,1,3,5,3,2,,1,1,,,,,,2,3834,細川明人,49,岡山,57.0,B1,4.25,20.25,4.56,31.25,31,9.09,57,21.43,5,6,6,,,,4,,,,,,8,3,3963,原田秀弥,45,大阪,56.0,A2,6.23,49.55,5.29,34.69,16,43.48,54,34.48,3,,,,,,4,2,2,3,,,12,4,3992,関口智久,45,埼玉,55.0,B1,4.73,25.93,4.29,14.29,52,22.22,36,38.46,5,,,,,,6,2,1,,,,9,5,4512,高野哲史,34,兵庫,53.0,A1,6.28,48.44,7.4,60.0,46,10.71,67,37.93,2,1,4,5,2,,1,0,,,,,,6,5236,小宮涼雅,25,岡山,55.0,B2,2.1,1.64,1.08,,33,32.35,68,37.93,5,,,,,,6,,,,,,65
202404091004,絶好調者三国ダービー,第4日,2024-04-09,ボートレース三国,4R,みくにあさ推,1800,09:53,1,3873,別府昌樹,47,広島,52.0,A2,5.52,36.36,6.69,50.0,26,25.0,55,14.29,3,1,2,4,5,,1,1,,,,,,2,4638,小林遼太,33,福岡,54.0,B1,4.86,26.67,3.22,11.11,35,44.44,26,35.48,3,2,6,,,,1,,,,,,10,3,3550,都築正治,52,愛知,56.0,A2,5.16,32.18,7.57,57.14,70,30.3,62,46.43,4,,,,,,3,4,3,4,,,,4,5066,鈴木孝明,25,埼玉,55.0,A2,5.71,35.63,5.86,32.43,69,32.14,34,37.04,1,6,2,5,6,,,,,,,,,5,5124,上瀧絢也,27,佐賀,53.0,B1,4.16,22.89,,,27,24.32,21,38.46,6,,,,,,5,5,3,,,,8,6,3721,守田俊介,48,滋賀,53.0,A1,8.29,75.71,8.0,77.78,62,44.0,22,33.33,1,2,1,3,3,,1,2,,,,,
202404091005,絶好調者三国ダービー,第4日,2024-04-09,ボートレース三国,5R,一般,1800,10:21,1,4434,田中辰彦,38,広島,54.0,A1,6.21,36.84,5.26,29.41,56,22.86,11,19.35,4,,,,,,4,3,1,2,,,10,2,4251,川崎誠志,41,山口,52.0,B1,4.24,17.48,4.0,30.0,13,16.13,71,33.33,1,,,,,,1,5,1,6,,,12,3,4363,大野芳顕,39,福岡,53.0,A2,5.78,36.78,5.33,44.44,25,36.67,53,27.27,3,4,1,,,,5,3,,,,,,4,5232,樅山拓馬,26,愛知,53.0,B1,4.02,21.36,1.35,,22,51.85,49,18.18,4,,,,,,4,2,6,,,,1,5,4778,堤 啓輔,38,佐賀,52.0,A2,5.46,34.12,4.27,20.0,65,48.0,30,34.38,5,,,,,,2,4,1,4,,,,6,3654,武田光史,50,福井,53.0,A1,6.57,46.23,7.4,58.1,60,24.0,48,31.03,1,6,4,1,2,,1,0,,,,,
202404091006,絶好調者三国ダービー,第4日,2024-04-09,ボートレース三国,6R,一般,1800,10:50,1,4161,黒柳浩孝,42,愛知,54.0,A2,6.03,39.25,5.44,38.89,63,34.29,23,26.92,1,3,1,,,,5,5,,,,,10,2,3690,河合三弘,53,愛知,53.0,B1,4.57,23.81,5.22,31.25,28,31.25,15,35.71,4,3,2,,,,1,4,,,,,11,3,4967,中村魁生,25,大阪,52.0,A2,5.64,37.5,6.32,42.11,14,15.63,35,30.77,3,3,5,5,6,,,,,,,,,4,3548,室田泰史,54,福井,55.0,B1,5.38,35.63,4.6,23.86,55,32.14,46,43.33,2,1,1,,,,5,3,,,,,12,5,3558,山本浩次,51,岡山,55.0,A2,4.64,23.29,5.25,37.5,20,21.21,17,42.42,4,6,3,,,,3,6,,,,,,6,3156,金子良昭,59,静岡,54.0,B1,5.0,36.0,6.85,47.06,51,19.35,20,36.67,6,5,1,,,,4,,,,,,2
202404091007,絶好調者三国ダービー,第4日,2024-04-09,ボートレース三国,7R,一般,1800,11:19,1,4864,小川日紀,34,福岡,54.0,B1,5.0,31.58,5.45,27.59,58,20.0,60,31.03,6,,,,,,2,6,5,,,,1,2,4360,庄司孝輔,39,静岡,53.0,A2,4.7,26.09,4.15,25.0,24,18.18,66,24.14,6,3,1,,,,1,4,,,,,12,3,3340,池田雷太,58,東京,54.0,B1,4.92,20.48,4.52,23.81,44,33.33,65,36.67,6,,,,,,3,1,4,6,,,,4,4654,篠田優也,37,兵庫,53.0,A2,6.08,43.75,6.21,38.3,50,43.33,24,21.43,5,,,,,,3,3,3,5,,,,5,5273,山下拓巳,22,兵庫,52.0,B2,2.9,5.19,2.49,2.86,57,26.92,28,30.43,5,,,,,,6,,,,,,65,6,3940,飯山 泰,46,東京,52.0,A1,6.3,44.6,6.27,40.91,42,48.57,42,46.15,1,2,1,,,,2,3,,,,,11
202404091008,絶好調者三国ダービー,第4日,2024-04-09,ボートレース三国,8R,一般,1800,11:49,1,5124,上瀧絢也,27,佐賀,53.0,B1,4.16,22.89,,,27,24.32,21,38.46,6,,,,,,5,5,3,,,,4,2,3400,樋江井愼,56,愛知,59.0,B2,3.73,16.22,4.46,15.38,64,48.48,47,65.38,6,,,,,,5,,,,,,66,3,3710,吉永泰弘,49,香川,54.0,B1,4.4,20.59,3.79,15.79,21,25.0,50,46.15,4,6,6,,,,4,,,,,,1,4,3834,細川明人,49,岡山,57.0,B1,4.25,20.25,4.56,31.25,31,9.09,57,21.43,5,6,6,,,,4,,,,,,3,5,5236,小宮涼雅,25,岡山,55.0,B2,2.1,1.64,1.08,,33,32.35,68,37.93,5,,,,,,6,,,,,,65,6,3578,塩田雄一,51,香川,51.0,B1,4.47,21.65,4.73,26.67,11,30.77,63,48.15,4,,,,,,2,2,5,2,,,
202404091009,絶好調者三国ダービー,第4日,2024-04-09,ボートレース三国,9R,一般,1800,12:20,1,5190,大月遊雅,23,東京,54.0,B1,4.42,28.41,,,17,29.63,18,13.33,3,,,,,,4,2,,,,,1,2,3992,関口智久,45,埼玉,55.0,B1,4.73,25.93,4.29,14.29,52,22.22,36,38.46,5,,,,,,6,2,1,,,,3,3,4895,門間雄大,32,東京,55.0,A2,4.09,15.29,4.76,27.59,47,48.28,12,28.13,4,,,,,,3,5,5,1,,,,4,4424,松尾昂明,38,福岡,52.0,A2,6.3,43.18,4.83,23.33,40,55.88,61,16.13,5,2,6,3,1,,,,,,,,,5,4287,今井貴士,39,福岡,56.0,A1,6.17,42.86,,,43,50.0,29,37.04,6,5,5,4,2,,,,,,,,,6,3697,勝野竜司,51,兵庫,53.0,B1,5.22,30.77,4.14,14.29,48,12.5,59,30.0,2,2,6,,,,3,,,,,,
202404091010,絶好調者三国ダービー,第4日,2024-04-09,ボートレース三国,10R,準優勝戦,1800,12:57,1,3654,武田光史,50,福井,53.0,A1,6.57,46.23,7.4,58.1,60,24.0,48,31.03,1,6,4,1,2,,5,,,,,,,2,3833,中辻博訓,49,福井,55.0,A1,6.52,46.67,6.87,49.75,45,26.67,33,37.5,4,2,1,2,2,,2,,,,,,,3,4512,高野哲史,34,兵庫,53.0,A1,6.28,48.44,7.4,60.0,46,10.71,67,37.93,2,1,4,5,2,,3,,,,,,,4,4434,田中辰彦,38,広島,54.0,A1,6.21,36.84,5.26,29.41,56,22.86,11,19.35,4,,,,,,4,3,1,2,,,5,5,4638,小林遼太,33,福岡,54.0,B1,4.86,26.67,3.22,11.11,35,44.44,26,35.48,3,2,6,,,,1,,,,,,4,6,4161,黒柳浩孝,42,愛知,54.0,A2,6.03,39.25,5.44,38.89,63,34.29,23,26.92,1,3,1,,,,5,5,,,,,6
202404091011,絶好調者三国ダービー,第4日,2024-04-09,ボートレース三国,11R,準優勝戦,1800,13:34,1,3940,飯山 泰,46,東京,52.0,A1,6.3,44.6,6.27,40.91,42,48.57,42,46.15,1,2,1,,,,2,3,,,,,7,2,3256,三角哲男,57,東京,52.0,A1,6.38,48.54,8.3,90.0,39,25.0,19,26.67,1,3,5,3,2,,3,,,,,,,3,3621,天野晶夫,50,愛知,56.0,A1,6.16,40.16,6.93,58.62,61,50.0,72,29.63,2,4,3,1,4,,1,,,,,,,4,4460,後藤翔之,38,東京,55.0,A1,6.12,42.31,6.33,44.19,37,40.0,13,26.67,1,4,3,,,,3,3,,,,,2,5,3690,河合三弘,53,愛知,53.0,B1,4.57,23.81,5.22,31.25,28,31.25,15,35.71,4,3,2,,,,1,4,,,,,6,6,3873,別府昌樹,47,広島,52.0,A2,5.52,36.36,6.69,50.0,26,25.0,55,14.29,3,1,2,4,5,,4,,,,,,
202404091012,絶好調者三国ダービー,第4日,2024-04-09,ボートレース三国,12R,準優勝戦,1800,14:13,1,3721,守田俊介,48,滋賀,53.0,A1,8.29,75.71,8.0,77.78,62,44.0,22,33.33,1,2,1,3,3,,4,,,,,,,2,3548,室田泰史,54,福井,55.0,B1,5.38,35.63,4.6,23.86,55,32.14,46,43.33,2,1,1,,,,5,3,,,,,6,3,4251,川崎誠志,41,山口,52.0,B1,4.24,17.48,4.0,30.0,13,16.13,71,33.33,1,,,,,,1,5,1,6,,,5,4,3963,原田秀弥,45,大阪,56.0,A2,6.23,49.55,5.29,34.69,16,43.48,54,34.48,3,,,,,,4,2,2,3,,,3,5,4360,庄司孝輔,39,静岡,53.0,A2,4.7,26.09,4.15,25.0,24,18.18,66,24.14,6,3,1,,,,1,4,,,,,7,6,3557,太田和美,51,大阪,54.0,A1,6.53,40.4,7.42,60.0,49,37.04,69,22.58,3,1,2,4,4,,2,,,,,,
202404090801,オールレディース競走レディース笹川杯,第3日,2024-04-09,ボートレース常滑,1R,予選,1800,10:31,1,3802,森岡まき,50,岡山,47.0,B1,3.43,13.51,5.14,42.86,26,22.37,61,39.27,1,,,,,,1,3,,,,,10,2,5117,冨名腰桃,23,福岡,46.0,B1,4.42,19.44,5.9,40.0,43,39.53,22,20.96,2,,,,,,3,2,,,,,11,3,4927,関野 文,30,大阪,43.0,A2,6.51,48.6,6.33,38.89,1,21.62,56,41.12,3,,,,,,1,1,,,,,7,4,4098,赤澤文香,42,岡山,49.0,B1,4.07,14.04,,,23,32.91,33,32.46,2,,,,,,3,5,,,,,6,5,3993,永井聖美,45,東京,49.0,B1,4.34,22.41,4.78,25.0,47,37.5,55,31.95,1,4,5,,,,8,,,,,,,6,5305,伊藤 栞,20,愛知,56.0,B2,1.16,,1.16,,46,30.14,68,42.41,6,6,6,,,,5,,,,,,
202404090802,オールレディース競走レディース笹川杯,第3日,2024-04-09,ボートレース常滑,2R,予選,1800,10:59,1,3509,道上千夏,52,香川,50.0,B1,3.9,16.67,2.29,14.29,13,45.45,18,25.42,2,,,,,,4,4,,,,,,2,4014,片岡恵里,44,山口,47.0,B1,4.59,20.73,5.43,42.86,16,51.9,20,39.38,5,5,1,,,,7,,,,,,,3,4964,土屋 南,27,岡山,47.0,A2,5.94,35.64,6.78,55.56,20,29.49,69,40.98,3,1,6,,,,1,0,,,,,,4,3518,倉田郁美,56,静岡,48.0,B1,4.75,29.17,4.71,30.95,10,31.25,48,30.77,2,4,3,,,,1,1,,,,,,5,3611,岩崎芳美,51,徳島,48.0,A1,6.16,40.63,8.4,70.0,3,36.47,66,25.68,4,4,2,5,,,8,,,,,,,6,5324,畑田希咲,20,兵庫,48.0,B2,1.12,,,,12,33.33,73,32.35,6,6,6,,,,6,,,,,,
202404090803,オールレディース競走レディース笹川杯,第3日,2024-04-09,ボートレース常滑,3R,予選,1800,11:27,1,3551,藤田美代,52,福岡,46.0,B1,4.24,16.67,5.71,28.57,14,29.33,63,29.67,2,,,,,,5,2,,,,,10,2,4536,喜井つか,34,岡山,46.0,A2,6.17,46.15,5.89,44.44,31,27.16,14,32.39,2,1,2,3,,,1,2,,,,,,3,4900,中田夕貴,31,埼玉,47.0,B2,5.17,34.13,6.45,54.55,32,36.23,53,27.38,1,2,1,,,,9,,,,,,,4,3580,水口由紀,51,滋賀,49.0,B1,5.0,29.76,5.3,40.0,54,37.97,34,31.28,3,2,5,3,,,7,,,,,,,5,4546,浜田亜理,36,埼玉,47.0,A1,7.46,55.56,5.83,33.33,9,27.71,28,23.67,3,1,2,1,,,8,,,,,,,6,3528,笠野友紀,53,愛知,47.0,B1,4.0,16.42,3.42,15.38,27,32.93,46,42.49,3,,,,,,2,5,,,,,11
202404090804,オールレディース競走レディース笹川杯,第3日,2024-04-09,ボートレース常滑,4R,予選,1800,11:55,1,4240,今井裕梨,40,群馬,44.0,A2,5.92,47.25,6.22,40.74,40,24.68,60,26.14,1,,,,,,1,2,,,,,12,2,5188,武井莉里,23,兵庫,44.0,B1,4.28,26.56,,,25,25.64,23,34.08,5,2,6,,,,,,,,,,,3,3778,安達美帆,48,埼玉,46.0,B1,4.05,26.19,3.76,23.53,30,30.38,45,27.33,5,,,,,,4,3,,,,,8,4,5291,三嶌ここ,22,香川,51.0,B2,1.72,,1.6,,58,36.36,15,30.34,6,,,,,,6,6,,,,,,5,4123,細川裕子,42,愛知,47.0,A1,6.63,51.85,7.58,67.5,57,34.88,38,23.81,2,2,1,1,,,1,0,,,,,,6,4244,鈴木成美,37,静岡,45.0,B1,4.31,27.27,3.25,6.25,33,25.33,70,38.22,1,5,2,,,,9,,,,,,
202404090805,オールレディース競走レディース笹川杯,第3日,2024-04-09,ボートレース常滑,5R,予選,1800,12:24,1,4275,菅野はや,41,広島,51.0,B1,3.64,15.38,,,5,27.85,47,38.5,2,,,,,,2,1,,,,,10,2,5146,野田彩加,20,山口,50.0,B1,4.73,27.38,3.8,26.67,56,42.5,57,30.56,3,,,,,,4,,,,,,,3,4478,櫻本あゆ,36,群馬,50.0,A1,5.74,38.27,6.25,50.0,55,42.68,16,29.94,4,1,3,2,,,1,1,,,,,,4,3435,寺田千恵,54,岡山,45.0,A1,6.62,50.4,7.62,61.9,51,36.9,13,34.9,1,6,2,3,,,1,2,,,,,,5,5305,伊藤 栞,20,愛知,56.0,B2,1.16,,1.16,,46,30.14,68,42.41,6,6,6,,,,1,,,,,,,6,4414,大澤真菜,37,東京,44.0,B1,3.96,20.41,1.0,,39,21.52,42,28.81,4,4,5,,,,9,,,,,,
202404090806,オールレディース競走レディース笹川杯,第3日,2024-04-09,ボートレース常滑,6R,予選,1800,12:54,1,4098,赤澤文香,42,岡山,49.0,B1,4.07,14.04,,,23,32.91,33,32.46,2,,,,,,3,5,,,,,1,2,4289,落合直子,39,大阪,47.0,A1,6.14,44.07,5.4,40.0,11,34.52,44,43.52,1,5,4,6,,,1,0,,,,,,3,3302,谷川里江,56,愛知,46.0,B1,5.27,37.23,4.99,32.35,35,32.43,65,28.57,3,1,3,,,,1,2,,,,,,4,4530,小野生奈,35,福岡,46.0,A1,6.73,49.41,,,17,26.32,50,40.1,5,3,4,4,,,1,1,,,,,,5,5324,畑田希咲,20,兵庫,48.0,B2,1.12,,,,12,33.33,73,32.35,6,6,6,,,,2,,,,,,,6,4317,木村紗友,39,静岡,47.0,B1,4.5,27.91,4.31,23.08,38,44.59,74,33.51,3,6,4,,,,,,,,,,
202404090807,オールレディース競走レディース笹川杯,第3日,2024-04-09,ボートレース常滑,7R,予選,1800,13:25,1,4065,金田幸子,44,岡山,43.0,A2,6.2,45.05,5.64,42.86,44,41.77,75,35.71,4,5,2,3,,,,,,,,,,2,4499,滝川真由,36,長崎,45.0,A2,6.13,45.35,6.0,28.57,60,43.18,52,42.78,3,3,1,5,,,1,1,,,,,,3,4014,片岡恵里,44,山口,47.0,B1,4.59,20.73,5.43,42.86,16,51.9,20,39.38,5,5,1,,,,2,,,,,,,4,5173,谷口佳蓮,22,香川,45.0,B2,3.91,16.36,4.59,35.29,19,25.68,41,30.73,4,5,4,,,,1,2,,,,,,5,4927,関野 文,30,大阪,43.0,A2,6.51,48.6,6.33,38.89,1,21.62,56,41.12,3,,,,,,1,1,,,,,1,6,3580,水口由紀,51,滋賀,49.0,B1,5.0,29.76,5.3,40.0,54,37.97,34,31.28,3,2,5,3,,,3,,,,,,
202404090808,オールレディース競走レディース笹川杯,第3日,2024-04-09,ボートレース常滑,8R,予選,1200,13:56,1,3871,池田紫乃,48,長崎,44.0,B1,5.09,35.9,5.7,40.0,37,29.87,21,33.33,4,3,1,,,,1,2,,,,,,2,4546,浜田亜理,36,埼玉,47.0,A1,7.46,55.56,5.83,33.33,9,27.71,28,23.67,3,1,2,1,,,3,,,,,,,3,3993,永井聖美,45,東京,49.0,B1,4.34,22.41,4.78,25.0,47,37.5,55,31.95,1,4,5,,,,1,,,,,,,4,3611,岩崎芳美,51,徳島,48.0,A1,6.16,40.63,8.4,70.0,3,36.47,66,25.68,4,4,2,5,,,2,,,,,,,5,5296,永田 楽,21,愛知,46.0,B2,1.65,,1.0,,53,40.48,26,31.58,5,,,,,,6,6,,,,,,6,3778,安達美帆,48,埼玉,46.0,B1,4.05,26.19,3.76,23.53,30,30.38,45,27.33,5,,,,,,4,3,,,,,4
202404090809,オールレディース競走レディース笹川杯,第3日,2024-04-09,ボートレース常滑,9R,予選,1200,14:33,1,4183,宇野弥生,38,愛知,47.0,A2,6.15,45.04,6.03,41.84,48,44.58,37,36.81,5,6,4,5,,,,,,,,,,2,4414,大澤真菜,37,東京,44.0,B1,3.96,20.41,1.0,,39,21.52,42,28.81,4,4,5,,,,5,,,,,,,3,5277,井上未都,21,福岡,47.0,B2,3.22,14.06,3.0,11.11,8,46.07,49,26.11,,,,,,,3,4,,,,,,4,4244,鈴木成美,37,静岡,45.0,B1,4.31,27.27,3.25,6.25,33,25.33,70,38.22,1,5,2,,,,4,,,,,,,5,5184,飯塚 響,24,群馬,44.0,B2,3.67,20.63,1.31,,36,30.77,27,38.73,6,,,,,,5,6,,,,,,6,4900,中田夕貴,31,埼玉,47.0,B2,5.17,34.13,6.45,54.55,32,36.23,53,27.38,1,2,1,,,,3,,,,,,
202404090810,オールレディース競走レディース笹川杯,第3日,2024-04-09,ボートレース常滑,10R,予選特賞,1200,15:10,1,4123,細川裕子,42,愛知,47.0,A1,6.63,51.85,7.58,67.5,57,34.88,38,23.81,2,2,1,1,,,4,,,,,,,2,3802,森岡まき,50,岡山,47.0,B1,3.43,13.51,5.14,42.86,26,22.37,61,39.27,1,,,,,,1,3,,,,,1,3,4289,落合直子,39,大阪,47.0,A1,6.14,44.07,5.4,40.0,11,34.52,44,43.52,1,5,4,6,,,6,,,,,,,4,3551,藤田美代,52,福岡,46.0,B1,4.24,16.67,5.71,28.57,14,29.33,63,29.67,2,,,,,,5,2,,,,,3,5,4275,菅野はや,41,広島,51.0,B1,3.64,15.38,,,5,27.85,47,38.5,2,,,,,,2,1,,,,,5,6,4964,土屋 南,27,岡山,47.0,A2,5.94,35.64,6.78,55.56,20,29.49,69,40.98,3,1,6,,,,2,,,,,,
202404090811,オールレディース競走レディース笹川杯,第3日,2024-04-09,ボートレース常滑,11R,予選特選,1200,15:47,1,4530,小野生奈,35,福岡,46.0,A1,6.73,49.41,,,17,26.32,50,40.1,5,3,4,4,,,6,,,,,,,2,3518,倉田郁美,56,静岡,48.0,B1,4.75,29.17,4.71,30.95,10,31.25,48,30.77,2,4,3,,,,2,,,,,,,3,4499,滝川真由,36,長崎,45.0,A2,6.13,45.35,6.0,28.57,60,43.18,52,42.78,3,3,1,5,,,7,,,,,,,4,4478,櫻本あゆ,36,群馬,50.0,A1,5.74,38.27,6.25,50.0,55,42.68,16,29.94,4,1,3,2,,,5,,,,,,,5,3528,笠野友紀,53,愛知,47.0,B1,4.0,16.42,3.42,15.38,27,32.93,46,42.49,3,,,,,,2,5,,,,,3,6,5117,冨名腰桃,23,福岡,46.0,B1,4.42,19.44,5.9,40.0,43,39.53,22,20.96,2,,,,,,3,2,,,,,1
202404090812,オールレディース競走レディース笹川杯,第3日,2024-04-09,ボートレース常滑,12R,予選特選,1200,16:25,1,3435,寺田千恵,54,岡山,45.0,A1,6.62,50.4,7.62,61.9,51,36.9,13,34.9,1,6,2,3,,,5,,,,,,,2,3302,谷川里江,56,愛知,46.0,B1,5.27,37.23,4.99,32.35,35,32.43,65,28.57,3,1,3,,,,6,,,,,,,3,3871,池田紫乃,48,長崎,44.0,B1,5.09,35.9,5.7,40.0,37,29.87,21,33.33,4,3,1,,,,8,,,,,,,4,4240,今井裕梨,40,群馬,44.0,A2,5.92,47.25,6.22,40.74,40,24.68,60,26.14,1,,,,,,1,2,,,,,4,5,4536,喜井つか,34,岡山,46.0,A2,6.17,46.15,5.89,44.44,31,27.16,14,32.39,2,1,2,3,,,3,,,,,,,6,5173,谷口佳蓮,22,香川,45.0,B2,3.91,16.36,4.59,35.29,19,25.68,41,30.73,4,5,4,,,,7,,,,,,
202404090601,サンケイスポーツ杯,第4日,2024-04-09,ボートレース浜名湖,1R,予選,1200,11:33,1,5079,大石真央,25,静岡,45.0,B1,3.81,16.98,4.14,22.3,35,37.66,73,27.45,3,2,3,,,,4,3,,,,,7,2,5197,中野仁照,22,愛知,53.0,B1,5.93,40.28,3.12,13.95,29,34.91,64,37.38,6,,,,,,4,5,5,,,,6,3,4691,水原 慎,40,徳島,50.0,B1,4.39,22.47,5.3,40.0,21,31.67,41,35.58,1,,,,,,5,6,4,,,,9,4,5049,松井友汰,29,大阪,54.0,B1,5.7,38.75,5.38,31.25,37,30.14,16,40.91,1,,,,,,4,4,4,,,,5,5,4094,中島真二,42,福岡,53.0,B1,4.61,22.67,4.38,19.05,54,29.07,48,18.1,4,5,5,,,,4,,,,,,8,6,4407,鹿島敏弘,38,群馬,59.0,B1,5.03,28.24,4.81,21.88,62,36.91,75,47.27,5,,,,,,6,2,,,,,
202404090602,サンケイスポーツ杯,第4日,2024-04-09,ボートレース浜名湖,2R,予選,1200,11:58,1,4113,木村浩士,43,群馬,55.0,B1,4.47,23.66,6.18,45.45,4,38.11,14,48.6,2,2,5,,,,2,5,,,,,6,2,4991,宗行治哉,26,広島,52.0,A1,5.59,33.68,6.14,28.57,20,50.62,39,36.94,3,4,3,2,1,,7,,,,,,,3,5254,羽田妃希,21,愛知,47.0,B2,2.21,3.77,1.88,,7,28.73,72,22.33,5,,,,,,5,5,2,,,,10,4,3350,藤本佳史,55,山口,53.0,A2,5.42,32.58,5.68,21.05,63,34.84,15,32.71,2,,,,,,3,1,3,5,,,9,5,3828,明石正之,50,兵庫,52.0,A2,6.03,45.0,5.88,35.29,27,30.26,56,29.36,5,6,1,,,,3,,,,,,8,6,3434,松尾宣邦,55,福岡,54.0,B1,4.41,25.0,4.0,29.41,18,36.73,43,40.95,2,,,,,,5,4,6,,,,11
202404090603,サンケイスポーツ杯,第4日,2024-04-09,ボートレース浜名湖,3R,予選,1200,12:23,1,4229,市川美宏,40,静岡,53.0,B1,4.68,28.79,5.45,32.84,5,33.77,63,30.56,5,3,3,,,,2,5,,,,,7,2,3663,木山和幸,54,広島,50.0,A2,4.82,31.07,5.32,31.58,39,40.98,24,24.3,5,6,6,,,,6,,,,,,10,3,4579,中嶋健一,34,三重,55.0,A1,6.61,50.98,6.45,45.0,32,31.72,65,32.08,3,1,3,,,,4,1,,,,,11,4,5264,登みひ果,24,兵庫,46.0,B1,2.35,7.58,1.35,,23,39.65,59,33.64,6,,,,,,6,,,,,,65,5,3257,田頭 実,57,福岡,51.0,A1,6.38,50.63,,,2,41.53,68,32.11,1,6,1,1,6,,9,,,,,,,6,4675,井手良太,36,大阪,51.0,B1,4.94,32.94,4.57,28.57,49,36.44,27,33.33,4,,,,,,2,5,1,,,,12
202404090604,サンケイスポーツ杯,第4日,2024-04-09,ボートレース浜名湖,4R,ランチタイム,1200,12:49,1,4063,市橋卓士,44,徳島,55.0,A1,6.51,47.29,6.18,36.36,45,33.91,20,29.91,3,3,1,1,4,,1,1,,,,,,2,3591,後藤孝義,55,静岡,52.0,B1,4.07,19.74,4.42,23.26,66,29.19,33,31.48,5,,,,,,2,,,,,,15,3,4834,浜本裕己,36,大阪,51.0,B1,4.03,18.46,6.0,44.44,58,31.88,67,40.91,6,4,6,,,,3,2,,,,,,4,3542,清水紀克,55,愛知,55.0,B1,4.48,27.38,4.37,29.63,52,40.09,55,30.28,1,,,,,,5,2,1,2,,,12,5,4853,前原 哉,29,岡山,45.0,B2,4.16,17.39,6.25,40.0,65,31.76,60,33.96,6,6,4,,,,3,,,,,,9,6,3929,杢野誓良,48,愛知,50.0,B1,5.27,32.41,5.89,45.71,59,44.4,70,38.89,2,3,4,,,,3,6,,,,,10
202404090605,サンケイスポーツ杯,第4日,2024-04-09,ボートレース浜名湖,5R,予選,1200,13:17,1,4464,山下友貴,37,静岡,43.0,A2,5.04,32.5,5.39,33.87,44,28.65,26,38.53,4,,,,,,2,4,5,3,,,9,2,4002,古結 宏,46,兵庫,53.0,A1,7.11,55.17,8.27,70.0,15,29.09,58,36.7,2,1,1,,,,2,3,,,,,10,3,4796,春園功太,32,三重,53.0,A1,7.28,59.05,5.88,42.7,22,44.3,45,28.44,3,,,,,,1,4,1,2,,,12,4,4730,土屋実沙,35,静岡,47.0,B1,5.82,40.54,5.17,26.76,55,29.59,23,34.23,3,,,,,,3,5,2,,,,11,5,5049,松井友汰,29,大阪,54.0,B1,5.7,38.75,5.38,31.25,37,30.14,16,40.91,1,,,,,,4,4,4,,,,1,6,3945,橋口真樹,48,愛知,51.0,B1,4.98,22.5,4.62,19.54,25,32.74,74,26.67,6,,,,,,6,,,,,,46
202404090606,サンケイスポーツ杯,第4日,2024-04-09,ボートレース浜名湖,6R,予選,1200,13:43,1,4552,杉山勝匡,35,佐賀,52.0,B1,4.23,25.56,3.25,12.5,36,28.7,54,38.53,4,,,,,,6,4,5,6,,,,2,4113,木村浩士,43,群馬,55.0,B1,4.47,23.66,6.18,45.45,4,38.11,14,48.6,2,2,5,,,,2,5,,,,,2,3,4931,木谷賢太,28,香川,54.0,A2,5.84,36.54,6.79,52.63,60,40.79,57,23.81,2,,,,,,3,5,2,4,,,12,4,3946,赤岩善生,48,愛知,56.0,A1,6.83,52.68,6.88,50.0,19,46.09,44,36.19,2,2,3,3,2,,1,1,,,,,,5,3997,北村征嗣,44,大阪,55.0,A1,6.75,49.18,6.9,43.33,53,29.46,49,36.7,1,3,2,3,1,,1,0,,,,,,6,5197,中野仁照,22,愛知,53.0,B1,5.93,40.28,3.12,13.95,29,34.91,64,37.38,6,,,,,,4,5,5,,,,1
202404090607,サンケイスポーツ杯,第4日,2024-04-09,ボートレース浜名湖,7R,予選,1200,14:10,1,3541,三嶌誠司,55,香川,53.0,A1,6.76,50.94,7.0,61.11,40,36.71,36,35.19,1,,,,,,1,4,4,3,,,12,2,4229,市川美宏,40,静岡,53.0,B1,4.68,28.79,5.45,32.84,5,33.77,63,30.56,5,3,3,,,,2,5,,,,,3,3,5079,大石真央,25,静岡,45.0,B1,3.81,16.98,4.14,22.3,35,37.66,73,27.45,3,2,3,,,,4,3,,,,,1,4,3681,山谷 央,50,東京,51.0,A2,5.65,33.67,5.61,39.13,12,48.18,37,26.92,5,,,,,,3,2,1,,,,11,5,4991,宗行治哉,26,広島,52.0,A1,5.59,33.68,6.14,28.57,20,50.62,39,36.94,3,4,3,2,1,,2,,,,,,,6,4880,澤崎雄哉,28,東京,52.0,B1,5.38,27.87,5.33,33.33,38,45.71,76,31.19,4,5,1,,,,5,4,,,,,
202404090608,サンケイスポーツ杯,第4日,2024-04-09,ボートレース浜名湖,8R,ブレイクタイ,1200,14:40,1,3828,明石正之,50,兵庫,52.0,A2,6.03,45.0,5.88,35.29,27,30.26,56,29.36,5,6,1,,,,3,,,,,,2,2,4094,中島真二,42,福岡,53.0,B1,4.61,22.67,4.38,19.05,54,29.07,48,18.1,4,5,5,,,,4,,,,,,1,3,4891,寺島美里,34,東京,47.0,B1,5.11,24.19,4.48,36.0,13,36.75,32,33.03,6,6,4,,,,6,5,,,,,,4,3909,佐々木康,50,静岡,54.0,A1,6.72,51.58,6.41,44.63,64,33.61,17,23.4,1,1,2,3,3,,1,2,,,,,,5,5264,登みひ果,24,兵庫,46.0,B1,2.35,7.58,1.35,,23,39.65,59,33.64,6,,,,,,6,,,,,,65,6,3591,後藤孝義,55,静岡,52.0,B1,4.07,19.74,4.42,23.26,66,29.19,33,31.48,5,,,,,,2,,,,,,15
202404090609,サンケイスポーツ杯,第4日,2024-04-09,ボートレース浜名湖,9R,予選特賞,1200,15:07,1,3257,田頭 実,57,福岡,51.0,A1,6.38,50.63,,,2,41.53,68,32.11,1,6,1,1,6,,3,,,,,,,2,4776,竹田和哉,30,香川,54.0,A1,6.62,47.56,6.0,37.04,11,35.54,25,33.33,3,3,2,5,3,,,,,,,,,3,3350,藤本佳史,55,山口,53.0,A2,5.42,32.58,5.68,21.05,63,34.84,15,32.71,2,,,,,,3,1,3,5,,,2,4,4691,水原 慎,40,徳島,50.0,B1,4.39,22.47,5.3,40.0,21,31.67,41,35.58,1,,,,,,5,6,4,,,,1,5,4464,山下友貴,37,静岡,43.0,A2,5.04,32.5,5.39,33.87,44,28.65,26,38.53,4,,,,,,2,4,5,3,,,5,6,4853,前原 哉,29,岡山,45.0,B2,4.16,17.39,6.25,40.0,65,31.76,60,33.96,6,6,4,,,,3,,,,,,4
202404090610,サンケイスポーツ杯,第4日,2024-04-09,ボートレース浜名湖,10R,予選特賞,1200,15:38,1,3997,北村征嗣,44,大阪,55.0,A1,6.75,49.18,6.9,43.33,53,29.46,49,36.7,1,3,2,3,1,,6,,,,,,,2,3929,杢野誓良,48,愛知,50.0,B1,5.27,32.41,5.89,45.71,59,44.4,70,38.89,2,3,4,,,,3,6,,,,,4,3,3432,宮迫暢彦,55,大阪,54.0,A2,5.37,38.32,5.5,42.86,9,39.75,29,37.17,4,6,,,,,1,4,,,,,,4,5254,羽田妃希,21,愛知,47.0,B2,2.21,3.77,1.88,,7,28.73,72,22.33,5,,,,,,5,5,2,,,,2,5,4002,古結 宏,46,兵庫,53.0,A1,7.11,55.17,8.27,70.0,15,29.09,58,36.7,2,1,1,,,,2,3,,,,,5,6,3663,木山和幸,54,広島,50.0,A2,4.82,31.07,5.32,31.58,39,40.98,24,24.3,5,6,6,,,,6,,,,,,3
202404090611,サンケイスポーツ杯,第4日,2024-04-09,ボートレース浜名湖,11R,予選特選,1200,16:23,1,3946,赤岩善生,48,愛知,56.0,A1,6.83,52.68,6.88,50.0,19,46.09,44,36.19,2,2,3,3,2,,6,,,,,,,2,4579,中嶋健一,34,三重,55.0,A1,6.61,50.98,6.45,45.0,32,31.72,65,32.08,3,1,3,,,,4,1,,,,,3,3,4730,土屋実沙,35,静岡,47.0,B1,5.82,40.54,5.17,26.76,55,29.59,23,34.23,3,,,,,,3,5,2,,,,5,4,3434,松尾宣邦,55,福岡,54.0,B1,4.41,25.0,4.0,29.41,18,36.73,43,40.95,2,,,,,,5,4,6,,,,2,5,4063,市橋卓士,44,徳島,55.0,A1,6.51,47.29,6.18,36.36,45,33.91,20,29.91,3,3,1,1,4,,4,,,,,,,6,3681,山谷 央,50,東京,51.0,A2,5.65,33.67,5.61,39.13,12,48.18,37,26.92,5,,,,,,3,2,1,,,,7
202404090612,サンケイスポーツ杯,第4日,2024-04-09,ボートレース浜名湖,12R,予選特選,1200,17:10,1,3909,佐々木康,50,静岡,54.0,A1,6.72,51.58,6.41,44.63,64,33.61,17,23.4,1,1,2,3,3,,8,,,,,,,2,4931,木谷賢太,28,香川,54.0,A2,5.84,36.54,6.79,52.63,60,40.79,57,23.81,2,,,,,,3,5,2,4,,,6,3,3542,清水紀克,55,愛知,55.0,B1,4.48,27.38,4.37,29.63,52,40.09,55,30.28,1,,,,,,5,2,1,2,,,4,4,4675,井手良太,36,大阪,51.0,B1,4.94,32.94,4.57,28.57,49,36.44,27,33.33,4,,,,,,2,5,1,,,,3,5,3541,三嶌誠司,55,香川,53.0,A1,6.76,50.94,7.0,61.11,40,36.71,36,35.19,1,,,,,,1,4,4,3,,,7,6,4796,春園功太,32,三重,53.0,A1,7.28,59.05,5.88,42.7,22,44.3,45,28.44,3,,,,,,1,4,1,2,,,5
202404090301,外向発売所開設１２周年記念富士通フロンテック杯,第5日,2024-04-09,ボートレース江戸川,1R,一般,1800,11:14,1,5279,石渡翔一,21,東京,53.0,B1,4.71,31.58,4.62,30.19,15,35.75,38,28.72,6,,,,,,5,5,6,,,,53,2,4197,渥美卓郎,41,静岡,54.0,B1,4.67,27.17,4.2,17.65,63,28.49,49,31.86,5,5,3,,,,3,2,6,4,,,8,3,4813,宮内直哉,34,東京,53.0,B1,4.28,18.89,4.56,26.26,65,41.78,53,36.54,3,5,4,4,6,,4,2,,,,,7,4,3775,泉 啓文,49,岡山,58.0,B1,4.91,32.38,5.92,46.15,39,37.22,30,32.37,5,4,3,,,,5,3,4,6,,,6,5,5293,眞崎武蔵,22,静岡,55.0,B2,2.08,3.17,2.33,,59,35.62,60,30.35,6,6,6,,,,6,4,6,5,,,5,6,3461,渡邊哲也,57,静岡,58.0,B1,4.19,26.04,4.65,29.41,20,26.84,69,38.79,5,,,,,,4,6,4,4,3,,
202404090302,外向発売所開設１２周年記念富士通フロンテック杯,第5日,2024-04-09,ボートレース江戸川,2R,一般,1800,11:41,1,3624,大石和彦,55,静岡,54.0,B1,4.35,26.83,3.91,21.74,14,44.5,13,33.64,4,,,,,,2,5,5,,,,44,2,5133,堀越雄貴,24,東京,51.0,B1,4.6,20.48,4.75,28.16,40,33.33,24,33.8,6,4,1,,,,2,6,6,6,,,8,3,4811,向井田佑,34,広島,50.0,A2,5.23,33.33,4.88,32.0,12,43.32,41,32.24,3,,,,,,6,4,2,,,,33,4,5186,遠藤圭吾,23,東京,55.0,B1,2.95,9.23,3.4,15.66,71,28.57,59,34.85,6,6,4,6,5,,5,,,,,,6,5,5033,藤原孝斗,26,愛知,57.0,B1,4.8,25.84,4.18,13.39,41,32.47,23,31.28,5,4,3,,,,4,4,5,5,,,7,6,4677,片橋幸貴,35,滋賀,53.0,A2,7.08,58.11,6.88,56.9,34,33.84,68,37.86,3,1,2,,,,3,1,4,,,,11
202404090303,外向発売所開設１２周年記念富士通フロンテック杯,第5日,2024-04-09,ボートレース江戸川,3R,一般,1800,12:08,1,4355,小川広大,40,福岡,59.0,B1,3.61,16.04,,,33,34.8,70,38.86,4,,,,,,5,6,2,1,5,,9,2,4145,小澤 学,42,東京,55.0,B1,3.92,19.77,4.59,21.14,21,32.28,45,40.76,4,,,,,,5,2,3,1,5,,7,3,3141,山来和人,62,東京,54.0,B1,3.69,15.63,4.87,28.21,11,47.27,28,34.47,2,,,,,,4,6,3,,,,15,4,4511,中岡健人,35,香川,59.0,B1,4.99,26.51,5.05,30.0,23,24.73,33,27.22,1,,,,,,3,2,1,5,4,,10,5,3796,長野道臣,50,静岡,54.0,A2,5.45,37.5,5.81,36.84,53,38.3,52,39.73,1,6,,,,,5,3,1,2,,,9,6,4438,森作雄大,37,東京,53.0,A2,5.31,35.77,5.48,33.72,69,31.63,16,34.36,4,6,5,4,5,,1,1,,,,,8
202404090304,外向発売所開設１２周年記念富士通フロンテック杯,第5日,2024-04-09,ボートレース江戸川,4R,一般,1800,12:35,1,4564,山本景士,36,広島,53.0,A2,5.1,31.82,5.8,37.5,31,35.48,43,34.1,2,,,,,,1,5,3,5,6,,8,2,5063,大塚雅治,26,東京,53.0,B2,4.57,20.69,3.93,20.73,32,33.33,32,27.56,1,,,,,,4,6,6,5,,,9,3,3569,増田 進,52,東京,53.0,B1,4.19,16.98,5.41,32.98,55,28.8,56,37.39,4,3,1,,,,3,2,2,6,,,10,4,3444,香月大介,54,福岡,55.0,B1,4.16,22.83,,,38,24.08,10,31.96,5,5,5,,,,1,2,6,6,,,9,5,4598,加藤政彦,39,東京,52.0,A2,6.71,51.43,6.78,52.74,64,34.1,37,37.69,2,3,1,,,,6,2,1,4,,,11,6,4723,寺島吉彦,38,東京,50.0,A2,5.11,34.04,5.25,31.76,26,31.25,35,31.28,4,,,,,,4,1,6,4,3,,8
202404090305,外向発売所開設１２周年記念富士通フロンテック杯,第5日,2024-04-09,ボートレース江戸川,5R,一般,1800,13:02,1,4345,西舘 健,39,東京,54.0,B1,4.16,18.28,5.13,30.0,52,41.78,40,34.72,2,5,5,,,,4,3,5,5,,,9,2,4368,山口隆史,38,福岡,53.0,B1,4.6,24.1,4.97,27.03,13,39.37,39,35.81,3,,,,,,2,2,4,,,,24,3,3313,本吉正樹,58,東京,56.0,B1,4.64,23.38,5.01,30.77,25,25.67,21,43.6,3,,,,,,3,2,1,4,5,,11,4,5293,眞崎武蔵,22,静岡,55.0,B2,2.08,3.17,2.33,,59,35.62,60,30.35,6,6,6,,,,6,4,6,5,,,1,5,3696,白井友晴,51,埼玉,52.0,B1,5.33,29.33,5.57,30.95,61,26.67,46,29.23,1,2,2,,,,5,1,3,4,,,10,6,4572,渡部 悟,35,大阪,56.0,A2,5.66,40.63,5.16,33.78,17,33.16,26,39.23,1,,,,,,2,3,2,,,,23
202404090306,外向発売所開設１２周年記念富士通フロンテック杯,第5日,2024-04-09,ボートレース江戸川,6R,一般,1800,13:29,1,4660,宇田川信,32,東京,54.0,B1,3.28,9.23,5.01,27.97,10,40.72,34,31.73,2,6,5,4,1,,4,1,,,,,10,2,3562,山下和彦,54,広島,52.0,A1,5.54,38.3,6.81,54.17,29,35.1,63,36.57,2,,,,,,3,3,4,3,3,,10,3,3775,泉 啓文,49,岡山,58.0,B1,4.91,32.38,5.92,46.15,39,37.22,30,32.37,5,4,3,,,,5,3,4,6,,,1,4,4956,齊藤大将,28,東京,56.0,B1,4.24,20.69,4.0,8.0,18,40.48,66,32.38,1,,,,,,6,1,5,,,,22,5,5186,遠藤圭吾,23,東京,55.0,B1,2.95,9.23,3.4,15.66,71,28.57,59,34.85,6,6,4,6,5,,5,,,,,,2,6,4069,山本修一,43,岡山,54.0,A1,6.39,43.44,6.68,52.5,37,35.0,17,35.81,5,3,4,,,,3,4,3,2,,,
202404090307,外向発売所開設１２周年記念富士通フロンテック杯,第5日,2024-04-09,ボートレース江戸川,7R,一般,1800,13:56,1,4077,品田直樹,45,東京,50.0,B1,4.69,27.35,5.5,36.6,60,36.94,61,30.77,2,6,2,,,,6,3,2,3,,,11,2,5033,藤原孝斗,26,愛知,57.0,B1,4.8,25.84,4.18,13.39,41,32.47,23,31.28,5,4,3,,,,4,4,5,5,,,2,3,4145,小澤 学,42,東京,55.0,B1,3.92,19.77,4.59,21.14,21,32.28,45,40.76,4,,,,,,5,2,3,1,5,,3,4,4813,宮内直哉,34,東京,53.0,B1,4.28,18.89,4.56,26.26,65,41.78,53,36.54,3,5,4,4,6,,4,2,,,,,1,5,4811,向井田佑,34,広島,50.0,A2,5.23,33.33,4.88,32.0,12,43.32,41,32.24,3,,,,,,6,4,2,,,,33,6,5279,石渡翔一,21,東京,53.0,B1,4.71,31.58,4.62,30.19,15,35.75,38,28.72,6,,,,,,5,5,6,,,,53
202404090308,外向発売所開設１２周年記念富士通フロンテック杯,第5日,2024-04-09,ボートレース江戸川,8R,一般,1800,14:24,1,4723,寺島吉彦,38,東京,50.0,A2,5.11,34.04,5.25,31.76,26,31.25,35,31.28,4,,,,,,4,1,6,4,3,,4,2,4438,森作雄大,37,東京,53.0,A2,5.31,35.77,5.48,33.72,69,31.63,16,34.36,4,6,5,4,5,,1,1,,,,,3,3,4197,渥美卓郎,41,静岡,54.0,B1,4.67,27.17,4.2,17.65,63,28.49,49,31.86,5,5,3,,,,3,2,6,4,,,1,4,5133,堀越雄貴,24,東京,51.0,B1,4.6,20.48,4.75,28.16,40,33.33,24,33.8,6,4,1,,,,2,6,6,6,,,2,5,3141,山来和人,62,東京,54.0,B1,3.69,15.63,4.87,28.21,11,47.27,28,34.47,2,,,,,,4,6,3,,,,15,6,4564,山本景士,36,広島,53.0,A2,5.1,31.82,5.8,37.5,31,35.48,43,34.1,2,,,,,,1,5,3,5,6,,4
202404090309,外向発売所開設１２周年記念富士通フロンテック杯,第5日,2024-04-09,ボートレース江戸川,9R,一般特選,1800,14:52,1,3796,長野道臣,50,静岡,54.0,A2,5.45,37.5,5.81,36.84,53,38.3,52,39.73,1,6,,,,,5,3,1,2,,,3,2,3444,香月大介,54,福岡,55.0,B1,4.16,22.83,,,38,24.08,10,31.96,5,5,5,,,,1,2,6,6,,,4,3,5063,大塚雅治,26,東京,53.0,B2,4.57,20.69,3.93,20.73,32,33.33,32,27.56,1,,,,,,4,6,6,5,,,4,4,4345,西舘 健,39,東京,54.0,B1,4.16,18.28,5.13,30.0,52,41.78,40,34.72,2,5,5,,,,4,3,5,5,,,5,5,3624,大石和彦,55,静岡,54.0,B1,4.35,26.83,3.91,21.74,14,44.5,13,33.64,4,,,,,,2,5,5,,,,44,6,4355,小川広大,40,福岡,59.0,B1,3.61,16.04,,,33,34.8,70,38.86,4,,,,,,5,6,2,1,5,,3
202404090310,外向発売所開設１２周年記念富士通フロンテック杯,第5日,2024-04-09,ボートレース江戸川,10R,選抜戦,1800,15:22,1,4572,渡部 悟,35,大阪,56.0,A2,5.66,40.63,5.16,33.78,17,33.16,26,39.23,1,,,,,,2,3,2,,,,23,2,3696,白井友晴,51,埼玉,52.0,B1,5.33,29.33,5.57,30.95,61,26.67,46,29.23,1,2,2,,,,5,1,3,4,,,5,3,4511,中岡健人,35,香川,59.0,B1,4.99,26.51,5.05,30.0,23,24.73,33,27.22,1,,,,,,3,2,1,5,4,,3,4,3569,増田 進,52,東京,53.0,B1,4.19,16.98,5.41,32.98,55,28.8,56,37.39,4,3,1,,,,3,2,2,6,,,4,5,3562,山下和彦,54,広島,52.0,A1,5.54,38.3,6.81,54.17,29,35.1,63,36.57,2,,,,,,3,3,4,3,3,,6,6,4660,宇田川信,32,東京,54.0,B1,3.28,9.23,5.01,27.97,10,40.72,34,31.73,2,6,5,4,1,,4,1,,,,,6
202404090311,外向発売所開設１２周年記念富士通フロンテック杯,第5日,2024-04-09,ボートレース江戸川,11R,選抜戦,1800,15:53,1,4677,片橋幸貴,35,滋賀,53.0,A2,7.08,58.11,6.88,56.9,34,33.84,68,37.86,3,1,2,,,,3,1,4,,,,2,2,4598,加藤政彦,39,東京,52.0,A2,6.71,51.43,6.78,52.74,64,34.1,37,37.69,2,3,1,,,,6,2,1,4,,,4,3,4956,齊藤大将,28,東京,56.0,B1,4.24,20.69,4.0,8.0,18,40.48,66,32.38,1,,,,,,6,1,5,,,,22,4,3313,本吉正樹,58,東京,56.0,B1,4.64,23.38,5.01,30.77,25,25.67,21,43.6,3,,,,,,3,2,1,4,5,,5,5,4368,山口隆史,38,福岡,53.0,B1,4.6,24.1,4.97,27.03,13,39.37,39,35.81,3,,,,,,2,2,4,,,,24,6,4077,品田直樹,45,東京,50.0,B1,4.69,27.35,5.5,36.6,60,36.94,61,30.77,2,6,2,,,,6,3,2,3,,,7
202404090312,外向発売所開設１２周年記念富士通フロンテック杯,第5日,2024-04-09,ボートレース江戸川,12R,優勝戦,1800,16:25,1,4575,戸塚邦好,35,東京,51.0,A1,5.93,42.22,6.42,43.75,46,44.74,20,30.26,3,1,1,,,,2,1,1,1,,,,2,3685,荒井輝年,50,岡山,57.0,A2,6.42,49.45,5.88,37.36,36,42.92,64,31.75,1,2,1,,,,2,1,4,,,,,3,4583,古田祐貴,34,香川,51.0,A2,6.19,44.35,5.64,36.36,51,41.1,12,36.84,1,4,3,,,,1,2,1,2,,,,4,4959,井上忠政,28,大阪,53.0,A1,7.22,56.0,7.42,62.71,16,35.94,48,34.74,3,,,,,,1,1,5,,,,31,5,4364,池永 太,39,福岡,55.0,A1,7.09,50.41,6.56,45.76,67,38.28,11,34.84,1,4,1,1,6,,3,1,,,,,,6,3813,佐藤大介,48,愛知,54.0,A1,6.57,49.57,7.39,55.56,70,34.7,27,38.07,3,2,3,2,1,,2,2,,,,,
202404090201,１Ｒ  予選          Ｈ１８００ｍ  電話投票締切予定１０：４７,第3日,2024-04-09,ボートレース戸田,1R,予選,1800,10:47,1,5194,大久保佑,22,埼玉,43.0,B1,4.28,20.45,4.26,22.09,57,30.82,74,27.4,2,5,6,,,,8,,,,,,,2,3825,宮嵜隆太,50,福岡,61.0,B1,4.12,22.09,3.33,16.67,16,42.86,43,37.74,3,,,,,,5,6,,,,,,3,5044,渡邉 健,25,東京,57.0,B1,4.79,31.48,5.19,34.62,31,38.1,29,32.0,1,,,,,,5,5,,,,,7,4,4527,高野心吾,35,愛知,51.0,B1,3.68,18.29,3.1,16.13,63,34.46,28,36.54,2,5,6,,,,5,,,,,,,5,3859,多羅尾達,50,東京,52.0,B1,3.25,13.89,5.56,43.75,6,44.94,59,35.53,5,,,,,,6,2,,,,,,6,3814,金子貴志,48,福井,50.0,B1,4.53,22.08,5.22,38.89,9,28.48,35,39.87,6,,,,,,2,5,,,,,
202404090202,１Ｒ  予選          Ｈ１８００ｍ  電話投票締切予定１０：４７,第3日,2024-04-09,ボートレース戸田,2R,予選,1800,11:16,1,5153,佐藤ほの,28,東京,46.0,B1,3.95,17.72,2.76,9.52,65,34.76,57,26.53,6,,,,,,6,,,,,,7,2,3664,鈴木賢一,54,埼玉,58.0,B1,5.09,40.0,5.62,43.97,32,32.34,77,28.26,3,,,,,,4,1,,,,,8,3,5045,平川香織,23,埼玉,47.0,A2,5.86,40.37,5.74,41.89,8,50.64,16,40.51,1,1,2,,,,1,0,,,,,,4,3931,黒崎竜也,47,三重,50.0,A1,5.73,33.96,4.09,18.18,11,37.72,38,38.62,5,3,2,,,,1,1,,,,,,5,5275,松田淳平,22,三重,54.0,B1,3.48,15.66,1.5,,7,35.93,33,29.25,6,,,,,,1,,,,,,9,6,4706,三浦洋次,35,愛知,48.0,A2,5.72,38.84,5.8,40.91,38,31.33,50,44.74,6,,,,,,2,3,,,,,
202404090203,１Ｒ  予選          Ｈ１８００ｍ  電話投票締切予定１０：４７,第3日,2024-04-09,ボートレース戸田,3R,予選,1800,11:45,1,4175,川尻泰輔,41,埼玉,54.0,B1,5.45,39.47,5.98,41.0,41,40.24,56,26.67,2,5,1,,,,1,2,,,,,,2,5071,野見山拓,29,福岡,52.0,B1,4.82,29.85,4.54,19.23,1,31.91,25,36.18,6,4,5,,,,,,,,,,,3,5182,宮崎安奈,25,埼玉,49.0,B1,3.57,13.89,2.68,10.53,10,20.15,71,25.58,5,,,,,,3,,,,,,7,4,3339,泉 具巳,58,兵庫,56.0,A2,4.45,26.92,4.61,30.43,23,27.89,58,32.87,6,,,,,,3,6,,,,,,5,4019,笠原 亮,44,静岡,53.0,A1,7.37,56.98,8.4,73.33,19,42.07,11,26.17,5,4,6,,,,1,0,,,,,,6,4318,桑原将光,39,東京,52.0,A2,5.82,39.42,6.17,46.15,20,43.75,22,17.53,2,,,,,,3,5,,,,,
202404090204,１Ｒ  予選          Ｈ１８００ｍ  電話投票締切予定１０：４７,第3日,2024-04-09,ボートレース戸田,4R,予選,1800,12:14,1,3891,谷口健一,48,福井,55.0,B1,3.37,14.08,4.17,16.67,34,30.82,18,27.27,4,,,,,,5,4,,,,,,2,5088,高憧四季,24,大阪,44.0,B1,5.64,39.74,6.6,55.0,3,26.35,32,50.35,2,4,4,,,,1,1,,,,,,3,4883,岡部大輝,28,東京,53.0,A2,5.44,32.29,6.08,43.68,5,28.93,53,26.35,2,3,3,,,,1,2,,,,,,4,4035,杉江浩明,45,愛知,51.0,B1,4.63,30.85,4.13,26.32,36,40.72,27,44.67,2,,,,,,3,6,,,,,10,5,4489,岩川仁士,37,大阪,56.0,A2,5.38,38.95,6.27,56.67,61,39.6,41,26.49,6,6,4,,,,8,,,,,,,6,4033,伊藤将吉,45,静岡,53.0,A1,6.17,43.69,6.69,45.76,15,37.41,17,26.49,2,1,4,1,,,9,,,,,,
202404090205,１Ｒ  予選          Ｈ１８００ｍ  電話投票締切予定１０：４７,第3日,2024-04-09,ボートレース戸田,5R,ウインウイン,1800,12:44,1,4297,山田哲也,41,東京,53.0,A2,6.78,55.0,7.63,60.47,43,27.81,69,29.61,1,4,1,,,,9,,,,,,,2,4202,浮田圭浩,41,岡山,53.0,B1,4.13,20.8,,,2,23.17,46,32.21,3,,,,,,2,4,,,,,11,3,4527,高野心吾,35,愛知,51.0,B1,3.68,18.29,3.1,16.13,63,34.46,28,36.54,2,5,6,,,,1,,,,,,,4,4483,北野輝季,35,愛知,52.0,A1,6.63,46.46,6.82,54.55,22,33.14,14,38.46,1,6,1,,,,1,2,,,,,,5,4917,岩橋裕馬,35,兵庫,53.0,B1,4.47,18.18,4.32,21.62,62,26.71,34,40.4,4,,,,,,5,6,,,,,,6,3921,川村正輝,49,福井,52.0,B1,4.57,27.17,5.33,26.67,14,31.54,42,32.45,1,3,2,,,,1,0,,,,,
202404090206,１Ｒ  予選          Ｈ１８００ｍ  電話投票締切予定１０：４７,第3日,2024-04-09,ボートレース戸田,6R,予選,1800,13:14,1,4365,盛本真輔,38,兵庫,52.0,B1,4.96,26.6,5.25,18.75,27,33.54,67,28.1,5,5,6,,,,,,,,,,,2,4366,前沢丈史,38,東京,57.0,A1,6.01,36.63,6.2,46.67,42,44.94,23,32.47,1,5,3,1,,,,,,,,,,3,4819,蜂須瑞生,32,群馬,48.0,A2,5.43,34.02,5.7,37.5,26,22.39,70,44.87,4,3,4,,,,1,1,,,,,,4,4154,森安弘雅,43,香川,53.0,B1,5.09,34.65,,,29,30.38,48,34.62,3,,,,,,2,4,,,,,,5,4746,大豆生蒼,29,埼玉,47.0,A2,6.32,47.87,7.16,62.5,40,42.77,21,32.54,1,2,3,,,,1,2,,,,,,6,4091,荒田泰明,43,埼玉,54.0,B1,4.63,28.21,4.98,30.11,24,30.36,68,35.8,3,3,,,,,,,,,,,
202404090207,１Ｒ  予選          Ｈ１８００ｍ  電話投票締切予定１０：４７,第3日,2024-04-09,ボートレース戸田,7R,ウインウイン,1800,13:45,1,4653,小野達哉,38,大阪,53.0,A1,6.93,50.47,6.56,55.56,64,37.13,52,39.16,1,2,2,3,,,1,1,,,,,,2,5044,渡邉 健,25,東京,57.0,B1,4.79,31.48,5.19,34.62,31,38.1,29,32.0,1,,,,,,5,5,,,,,1,3,3977,山本兼士,46,大阪,51.0,B1,5.39,35.29,6.29,57.14,21,38.55,31,22.82,4,6,4,,,,,,,,,,,4,5053,山口広樹,28,福岡,55.0,B1,4.31,20.31,3.9,20.0,13,30.83,45,36.6,4,,,,,,5,1,,,,,12,5,5153,佐藤ほの,28,東京,46.0,B1,3.95,17.72,2.76,9.52,65,34.76,57,26.53,6,,,,,,6,,,,,,2,6,5182,宮崎安奈,25,埼玉,49.0,B1,3.57,13.89,2.68,10.53,10,20.15,24,28.66,5,,,,,,3,,,,,,3
202404090208,１Ｒ  予選          Ｈ１８００ｍ  電話投票締切予定１０：４７,第3日,2024-04-09,ボートレース戸田,8R,予選,1800,14:16,1,3620,信濃由行,50,福井,54.0,B1,4.55,25.84,,,4,22.63,54,30.99,4,,,,,,5,4,,,,,,2,4650,中山雄太,39,愛知,52.0,A1,6.23,38.71,5.73,41.07,30,43.23,60,22.37,5,1,5,,,,1,2,,,,,,3,3664,鈴木賢一,54,埼玉,58.0,B1,5.09,40.0,5.62,43.97,32,32.34,77,28.26,3,,,,,,4,1,,,,,2,4,5194,大久保佑,22,埼玉,43.0,B1,4.28,20.45,4.26,22.09,57,30.82,74,27.4,2,5,6,,,,1,,,,,,,5,3473,石川真二,53,福岡,54.0,A1,6.24,41.98,5.62,42.86,25,34.32,26,34.84,4,3,1,2,,,,,,,,,,6,4489,岩川仁士,37,大阪,56.0,A2,5.38,38.95,6.27,56.67,61,39.6,41,26.49,6,6,4,,,,4,,,,,,
202404090209,１Ｒ  予選          Ｈ１８００ｍ  電話投票締切予定１０：４７,第3日,2024-04-09,ボートレース戸田,9R,戸田特賞,1800,14:48,1,4034,西原明生,45,香川,56.0,B1,4.46,22.89,,,17,24.34,73,25.0,5,,,,,,2,3,,,,,,2,4033,伊藤将吉,45,静岡,53.0,A1,6.17,43.69,6.69,45.76,15,37.41,17,26.49,2,1,4,1,,,4,,,,,,,3,4297,山田哲也,41,東京,53.0,A2,6.78,55.0,7.63,60.47,43,27.81,69,29.61,1,4,1,,,,5,,,,,,,4,5275,松田淳平,22,三重,54.0,B1,3.48,15.66,1.5,,7,35.93,33,29.25,6,,,,,,1,,,,,,2,5,3713,伊藤誠二,49,愛知,54.0,A2,6.14,41.88,5.9,44.07,53,36.2,51,42.76,1,,,,,,1,4,,,,,,6,3837,秋山広一,48,香川,52.0,A1,5.93,40.65,,,44,32.64,37,45.1,2,,,,,,3,1,,,,,
202404090210,１Ｒ  予選          Ｈ１８００ｍ  電話投票締切予定１０：４７,第3日,2024-04-09,ボートレース戸田,10R,戸田特賞,1800,15:21,1,3643,米田隆弘,51,岡山,54.0,A2,5.63,29.81,,,37,28.18,20,25.32,4,,,,,,6,3,,,,,,2,4019,笠原 亮,44,静岡,53.0,A1,7.37,56.98,8.4,73.33,19,42.07,11,26.17,5,4,6,,,,3,,,,,,,3,3921,川村正輝,49,福井,52.0,B1,4.57,27.17,5.33,26.67,14,31.54,42,32.45,1,3,2,,,,5,,,,,,,4,4403,木下大將,39,福岡,53.0,A1,6.14,44.79,,,12,28.86,30,29.53,2,,,,,,1,2,,,,,,5,5045,平川香織,23,埼玉,47.0,A2,5.86,40.37,5.74,41.89,8,50.64,16,40.51,1,1,2,,,,2,,,,,,,6,4035,杉江浩明,45,愛知,51.0,B1,4.63,30.85,4.13,26.32,36,40.72,27,44.67,2,,,,,,3,6,,,,,4
202404090211,１Ｒ  予選          Ｈ１８００ｍ  電話投票締切予定１０：４７,第3日,2024-04-09,ボートレース戸田,11R,戸田特選,1800,15:55,1,4819,蜂須瑞生,32,群馬,48.0,A2,5.43,34.02,5.7,37.5,26,22.39,70,44.87,4,3,4,,,,6,,,,,,,2,3931,黒崎竜也,47,三重,50.0,A1,5.73,33.96,4.09,18.18,11,37.72,38,38.62,5,3,2,,,,2,,,,,,,3,5088,高憧四季,24,大阪,44.0,B1,5.64,39.74,6.6,55.0,3,26.35,32,50.35,2,4,4,,,,4,,,,,,,4,4653,小野達哉,38,大阪,53.0,A1,6.93,50.47,6.56,55.56,64,37.13,52,39.16,1,2,2,3,,,7,,,,,,,5,4202,浮田圭浩,41,岡山,53.0,B1,4.13,20.8,,,2,23.17,46,32.21,3,,,,,,2,4,,,,,5,6,4558,宮野 仁,34,岡山,56.0,A2,5.09,31.37,4.6,20.0,18,40.22,36,37.01,3,,,,,,4,5,,,,,
202404090212,１Ｒ  予選          Ｈ１８００ｍ  電話投票締切予定１０：４７,第3日,2024-04-09,ボートレース戸田,12R,記者選抜戦,1800,16:30,1,4483,北野輝季,35,愛知,52.0,A1,6.63,46.46,6.82,54.55,22,33.14,14,38.46,1,6,1,,,,5,,,,,,,2,5053,山口広樹,28,福岡,55.0,B1,4.31,20.31,3.9,20.0,13,30.83,45,36.6,4,,,,,,5,1,,,,,7,3,4746,大豆生蒼,29,埼玉,47.0,A2,6.32,47.87,7.16,62.5,40,42.77,21,32.54,1,2,3,,,,6,,,,,,,4,4650,中山雄太,39,愛知,52.0,A1,6.23,38.71,5.73,41.07,30,43.23,60,22.37,5,1,5,,,,8,,,,,,,5,4175,川尻泰輔,41,埼玉,54.0,B1,5.45,39.47,5.98,41.0,41,40.24,56,26.67,2,5,1,,,,3,,,,,,,6,4883,岡部大輝,28,東京,53.0,A2,5.44,32.29,6.08,43.68,5,28.93,53,26.35,2,3,3,,,,4,,,,,,
202404090101,１Ｒ  一般          Ｈ１２００ｍ  電話投票締切予定１５：１８,第5日,2024-04-09,ボートレース桐生,1R,一般,1200,15:18,1,3790,佐口達也,51,群馬,55.0,B1,5.35,33.33,4.95,27.21,33,29.41,56,26.32,5,,,,,,1,6,3,,,,53,2,3497,後藤 浩,55,埼玉,52.0,B1,5.21,34.88,5.63,36.9,50,54.24,30,34.85,1,5,3,,,,5,4,5,,,,6,3,4754,松尾 充,35,三重,51.0,A2,6.41,43.55,6.64,46.67,59,38.6,73,37.5,6,1,4,,,,2,5,4,4,,,,4,5070,中島 航,29,東京,52.0,B2,4.75,26.23,5.35,35.48,49,36.0,36,31.43,5,,,,,,6,6,4,,,,16,5,3294,野中義生,58,静岡,52.0,B1,4.19,23.86,4.86,35.71,31,26.92,66,40.3,4,,,,,,4,3,1,,,,43,6,4709,岡村将也,34,福岡,55.0,A2,5.27,34.33,6.9,60.0,71,40.0,52,31.65,5,6,4,,,,4,3,4,6,,,
202404090102,１Ｒ  一般          Ｈ１２００ｍ  電話投票締切予定１５：１８,第5日,2024-04-09,ボートレース桐生,2R,一般,1200,15:41,1,4887,富澤祐作,37,群馬,55.0,B1,5.27,30.84,5.35,35.04,51,51.67,75,43.59,1,1,4,,,,6,2,5,,,,11,2,4588,田中京介,33,福岡,56.0,B1,5.49,37.63,7.16,57.89,20,36.54,37,30.99,1,5,3,,,,6,1,4,,,,9,3,3882,新田智彰,50,大阪,57.0,B1,4.43,25.0,5.33,40.0,23,44.23,67,32.31,4,,,,,,2,3,4,,,,53,4,3826,村田修次,50,東京,52.0,A2,6.47,46.23,6.39,47.37,28,28.3,45,46.77,6,,,,,,3,3,5,1,2,4,,5,4040,廣瀬将亨,45,兵庫,58.0,A2,5.01,32.97,8.0,60.0,57,32.61,57,35.09,5,3,6,5,6,,3,6,,,,,,6,3956,横澤剛治,46,静岡,56.0,A1,6.49,46.46,6.26,49.28,52,39.22,42,35.71,2,6,1,,,,3,2,3,1,,,9
202404090103,１Ｒ  一般          Ｈ１２００ｍ  電話投票締切予定１５：１８,第5日,2024-04-09,ボートレース桐生,3R,一般,1200,16:04,1,4488,小山 勉,37,埼玉,53.0,A2,6.46,47.42,6.49,47.37,44,36.59,55,34.78,4,2,1,5,3,,1,0,,,,,,2,4903,吉田凌太,30,愛知,51.0,B1,6.77,52.48,5.86,41.38,58,42.86,41,33.87,4,3,1,,,,1,3,4,,,,11,3,3712,淺香文武,49,三重,56.0,B1,5.3,38.1,5.1,31.03,40,34.43,47,26.15,4,,,,,,6,1,1,,,,64,4,4910,中村泰平,28,愛知,53.0,A2,6.7,54.72,7.0,50.0,74,41.07,38,28.36,2,1,5,5,2,,2,2,,,,,12,5,3282,池本輝明,57,広島,50.0,B1,4.76,27.71,,,64,50.98,29,33.33,2,6,5,,,,6,6,1,,,,,6,4330,奈須啓太,40,福岡,53.0,A2,5.64,35.66,6.56,51.85,55,30.61,53,49.3,3,,,,,,3,4,1,2,1,2,9
202404090104,１Ｒ  一般          Ｈ１２００ｍ  電話投票締切予定１５：１８,第5日,2024-04-09,ボートレース桐生,4R,一般,1200,16:35,1,3655,本橋克洋,50,群馬,55.0,A2,5.9,44.44,5.83,41.73,75,34.09,50,32.39,5,,,,,,1,4,3,3,1,,10,2,4053,芦澤 望,46,東京,56.0,B1,5.73,39.22,5.89,35.94,46,43.14,35,25.71,5,2,2,,,,1,4,4,,,,11,3,4298,宮下元胤,41,愛知,53.0,A2,5.61,36.96,5.85,30.43,72,41.07,68,30.88,2,,,,,,5,2,5,4,3,5,,4,3656,伯母芳恒,50,東京,56.0,B1,5.37,30.93,5.24,28.89,41,31.91,62,28.57,1,3,3,,,,2,6,2,,,,9,5,4652,酒見峻介,38,佐賀,53.0,A2,5.98,43.44,5.5,38.89,62,45.65,22,24.32,5,6,4,,,,2,2,6,3,,,,6,4305,金子拓矢,40,群馬,53.0,A1,6.63,47.62,6.08,38.64,68,44.44,71,31.94,1,2,1,2,1,,1,1,,,,,11
202404090105,１Ｒ  一般          Ｈ１２００ｍ  電話投票締切予定１５：１８,第5日,2024-04-09,ボートレース桐生,5R,一般,1200,17:01,1,4544,松田大志,36,福岡,53.0,A1,6.63,45.19,5.84,31.58,38,42.0,26,43.06,3,,,,,,4,1,5,1,1,4,9,2,3809,吉田 光,48,佐賀,51.0,B1,5.34,38.1,5.67,33.33,32,38.33,23,36.0,3,,,,,,6,2,1,,,,24,3,4904,松本一毅,29,大阪,52.0,B1,5.42,38.1,6.39,61.11,18,28.33,46,37.68,3,,,,,,2,4,4,,,,22,4,4073,大橋純一,43,静岡,53.0,A1,6.05,41.49,6.04,44.9,63,36.96,39,25.35,5,5,6,2,2,,3,6,,,,,12,5,3730,塩崎優司,51,愛知,52.0,B1,4.51,25.0,5.12,32.56,17,45.95,74,27.03,4,4,3,,,,2,6,5,,,,,6,3556,田中信一,51,大阪,55.0,A1,6.47,42.98,7.37,63.33,60,32.56,15,25.86,3,1,1,,,,2,3,1,3,,,10
202404090106,１Ｒ  一般          Ｈ１２００ｍ  電話投票締切予定１５：１８,第5日,2024-04-09,ボートレース桐生,6R,ドラドキ目玉,1200,17:28,1,3995,重野哲之,45,静岡,54.0,A2,6.48,49.47,7.73,61.54,22,36.54,27,34.72,2,4,3,1,3,,2,6,,,,,10,2,3441,土屋太朗,54,群馬,53.0,B1,4.86,25.81,5.58,37.34,45,32.65,18,32.39,1,4,5,,,,4,3,2,,,,12,3,3602,奥平拓也,53,東京,52.0,B1,4.72,24.69,4.82,25.0,54,42.31,64,41.79,4,,,,,,5,5,6,,,,16,4,4404,岸蔭 亮,38,兵庫,54.0,B1,3.73,21.62,,,67,33.33,59,34.21,6,,,,,,5,2,4,,,,62,5,3497,後藤 浩,55,埼玉,52.0,B1,5.21,34.88,5.63,36.9,50,54.24,30,34.85,1,5,3,,,,5,4,5,,,,1,6,5313,鈴木唯央,23,群馬,52.0,B2,1.64,2.38,1.76,4.76,12,31.82,51,43.06,6,,,,,,6,6,6,,,,65
202404090107,１Ｒ  一般          Ｈ１２００ｍ  電話投票締切予定１５：１８,第5日,2024-04-09,ボートレース桐生,7R,ドラドキ３,1200,17:55,1,4233,亀山雅幸,40,群馬,52.0,A2,5.43,35.35,6.22,49.6,47,32.73,24,39.74,6,2,4,,,,4,1,5,1,,,10,2,3987,後藤正宗,46,静岡,53.0,B1,5.78,42.06,7.3,55.56,70,47.06,61,41.67,2,,,,,,2,5,3,5,2,,12,3,4513,河野真也,34,福岡,54.0,A2,6.08,42.42,7.12,57.69,26,37.04,21,31.94,2,2,1,3,5,,1,1,,,,,,4,3807,岡部 哲,49,埼玉,52.0,B1,4.16,22.92,5.0,30.43,21,40.35,69,36.0,3,6,5,,,,5,5,3,,,,,5,3712,淺香文武,49,三重,56.0,B1,5.3,38.1,5.1,31.03,40,34.43,47,26.15,4,,,,,,6,1,1,,,,64,6,3790,佐口達也,51,群馬,55.0,B1,5.35,33.33,4.95,27.21,33,29.41,56,26.32,5,,,,,,1,6,3,,,,53
202404090108,１Ｒ  一般          Ｈ１２００ｍ  電話投票締切予定１５：１８,第5日,2024-04-09,ボートレース桐生,8R,ドラドキ５,1200,18:23,1,4370,山口達也,37,岡山,52.0,A2,7.1,59.43,7.39,77.78,36,34.55,16,31.58,3,1,3,6,3,,1,5,,,,,11,2,3294,野中義生,58,静岡,52.0,B1,4.19,23.86,4.86,35.71,31,26.92,12,36.49,4,,,,,,4,3,1,,,,43,3,3911,鈴木 猛,50,東京,52.0,B1,4.8,25.76,5.5,41.38,27,31.37,14,33.8,6,,,,,,2,4,5,,,,65,4,4410,井上大輔,38,岡山,52.0,B1,5.81,38.3,2.0,,19,45.1,33,36.23,3,1,6,,,,6,6,6,,,,,5,4472,尾嶋一広,36,兵庫,57.0,A1,6.44,46.9,8.15,75.0,66,30.95,48,34.67,5,,,,,,2,6,1,6,5,3,12,6,4641,磯村 匠,32,東京,50.0,B2,5.24,35.29,4.92,29.17,24,41.86,31,25.0,3,6,4,,,,4,2,5,,,,
202404090109,１Ｒ  一般          Ｈ１２００ｍ  電話投票締切予定１５：１８,第5日,2024-04-09,ボートレース桐生,9R,準優勝戦,1800,18:54,1,4330,奈須啓太,40,福岡,53.0,A2,5.64,35.66,6.56,51.85,55,30.61,53,49.3,3,,,,,,3,4,1,2,1,2,3,2,3956,横澤剛治,46,静岡,56.0,A1,6.49,46.46,6.26,49.28,52,39.22,42,35.71,2,6,1,,,,3,2,3,1,,,2,3,3656,伯母芳恒,50,東京,56.0,B1,5.37,30.93,5.24,28.89,41,31.91,62,28.57,1,3,3,,,,2,6,2,,,,4,4,4904,松本一毅,29,大阪,52.0,B1,5.42,38.1,6.39,61.11,18,28.33,46,37.68,3,,,,,,2,4,4,,,,22,5,4544,松田大志,36,福岡,53.0,A1,6.63,45.19,5.84,31.58,38,42.0,26,43.06,3,,,,,,4,1,5,1,1,4,5,6,4588,田中京介,33,福岡,56.0,B1,5.49,37.63,7.16,57.89,20,36.54,37,30.99,1,5,3,,,,6,1,4,,,,2
202404090110,１Ｒ  一般          Ｈ１２００ｍ  電話投票締切予定１５：１８,第5日,2024-04-09,ボートレース桐生,10R,準優勝戦,1800,19:25,1,3556,田中信一,51,大阪,55.0,A1,6.47,42.98,7.37,63.33,60,32.56,15,25.86,3,1,1,,,,2,3,1,3,,,5,2,3995,重野哲之,45,静岡,54.0,A2,6.48,49.47,7.73,61.54,22,36.54,27,34.72,2,4,3,1,3,,2,6,,,,,6,3,3655,本橋克洋,50,群馬,55.0,A2,5.9,44.44,5.83,41.73,75,34.09,50,32.39,5,,,,,,1,4,3,3,1,,4,4,3809,吉田 光,48,佐賀,51.0,B1,5.34,38.1,5.67,33.33,32,38.33,23,36.0,3,,,,,,6,2,1,,,,24,5,4233,亀山雅幸,40,群馬,52.0,A2,5.43,35.35,6.22,49.6,47,32.73,24,39.74,6,2,4,,,,4,1,5,1,,,7,6,4488,小山 勉,37,埼玉,53.0,A2,6.46,47.42,6.49,47.37,44,36.59,55,34.78,4,2,1,5,3,,3,,,,,,
202404090111,１Ｒ  一般          Ｈ１２００ｍ  電話投票締切予定１５：１８,第5日,2024-04-09,ボートレース桐生,11R,準優勝戦,1800,19:58,1,4305,金子拓矢,40,群馬,53.0,A1,6.63,47.62,6.08,38.64,68,44.44,71,31.94,1,2,1,2,1,,1,1,,,,,4,2,4370,山口達也,37,岡山,52.0,A2,7.1,59.43,7.39,77.78,36,34.55,16,31.58,3,1,3,6,3,,1,5,,,,,8,3,4903,吉田凌太,30,愛知,51.0,B1,6.77,52.48,5.86,41.38,58,42.86,41,33.87,4,3,1,,,,1,3,4,,,,3,4,4513,河野真也,34,福岡,54.0,A2,6.08,42.42,7.12,57.69,26,37.04,21,31.94,2,2,1,3,5,,7,,,,,,,5,4053,芦澤 望,46,東京,56.0,B1,5.73,39.22,5.89,35.94,46,43.14,35,25.71,5,2,2,,,,1,4,4,,,,4,6,4887,富澤祐作,37,群馬,55.0,B1,5.27,30.84,5.35,35.04,51,51.67,75,43.59,1,1,4,,,,6,2,5,,,,2
202404090112,１Ｒ  一般          Ｈ１２００ｍ  電話投票締切予定１５：１８,第5日,2024-04-09,ボートレース桐生,12R,一般特賞,1800,20:30,1,4472,尾嶋一広,36,兵庫,57.0,A1,6.44,46.9,8.15,75.0,66,30.95,48,34.67,5,,,,,,2,6,1,6,5,3,8,2,4910,中村泰平,28,愛知,53.0,A2,6.7,54.72,7.0,50.0,74,41.07,38,28.36,2,1,5,5,2,,2,2,,,,,3,3,4073,大橋純一,43,静岡,53.0,A1,6.05,41.49,6.04,44.9,63,36.96,39,25.35,5,5,6,2,2,,3,6,,,,,5,4,3441,土屋太朗,54,群馬,53.0,B1,4.86,25.81,5.58,37.34,45,32.65,18,32.39,1,4,5,,,,4,3,2,,,,6,5,3882,新田智彰,50,大阪,57.0,B1,4.43,25.0,5.33,40.0,23,44.23,67,32.31,4,,,,,,2,3,4,,,,53,6,3987,後藤正宗,46,静岡,53.0,B1,5.78,42.06,7.3,55.56,70,47.06,61,41.67,2,,,,,,2,5,3,5,2,,7
