レースコード,レース日,レース場コード,レース回,艇1_登録番号,艇1_選手名,艇1_前1節_開始日,艇1_前1節_終了日,艇1_前1節_場コード,艇1_前1節_場名,艇1_前1節_グレード,艇1_前1節_着順列,艇1_前2節_開始日,艇1_前2節_終了日,艇1_前2節_場コード,艇1_前2節_場名,艇1_前2節_グレード,艇1_前2節_着順列,艇1_前3節_開始日,艇1_前3節_終了日,艇1_前3節_場コード,艇1_前3節_場名,艇1_前3節_グレード,艇1_前3節_着順列,艇1_前4節_開始日,艇1_前4節_終了日,艇1_前4節_場コード,艇1_前4節_場名,艇1_前4節_グレード,艇1_前4節_着順列,艇1_前5節_開始日,艇1_前5節_終了日,艇1_前5節_場コード,艇1_前5節_場名,艇1_前5節_グレード,艇1_前5節_着順列,艇2_登録番号,艇2_選手名,艇2_前1節_開始日,艇2_前1節_終了日,艇2_前1節_場コード,艇2_前1節_場名,艇2_前1節_グレード,艇2_前1節_着順列,艇2_前2節_開始日,艇2_前2節_終了日,艇2_前2節_場コード,艇2_前2節_場名,艇2_前2節_グレード,艇2_前2節_着順列,艇2_前3節_開始日,艇2_前3節_終了日,艇2_前3節_場コード,艇2_前3節_場名,艇2_前3節_グレード,艇2_前3節_着順列,艇2_前4節_開始日,艇2_前4節_終了日,艇2_前4節_場コード,艇2_前4節_場名,艇2_前4節_グレード,艇2_前4節_着順列,艇2_前5節_開始日,艇2_前5節_終了日,艇2_前5節_場コード,艇2_前5節_場名,艇2_前5節_グレード,艇2_前5節_着順列,艇3_登録番号,艇3_選手名,艇3_前1節_開始日,艇3_前1節_終了日,艇3_前1節_場コード,艇3_前1節_場名,艇3_前1節_グレード,艇3_前1節_着順列,艇3_前2節_開始日,艇3_前2節_終了日,艇3_前2節_場コード,艇3_前2節_場名,艇3_前2節_グレード,艇3_前2節_着順列,艇3_前3節_開始日,艇3_前3節_終了日,艇3_前3節_場コード,艇3_前3節_場名,艇3_前3節_グレード,艇3_前3節_着順列,艇3_前4節_開始日,艇3_前4節_終了日,艇3_前4節_場コード,艇3_前4節_場名,艇3_前4節_グレード,艇3_前4節_着順列,艇3_前5節_開始日,艇3_前5節_終了日,艇3_前5節_場コード,艇3_前5節_場名,艇3_前5節_グレード,艇3_前5節_着順列,艇4_登録番号,艇4_選手名,艇4_前1節_開始日,艇4_前1節_終了日,艇4_前1節_場コード,艇4_前1節_場名,艇4_前1節_グレード,艇4_前1節_着順列,艇4_前2節_開始日,艇4_前2節_終了日,艇4_前2節_場コード,艇4_前2節_場名,艇4_前2節_グレード,艇4_前2節_着順列,艇4_前3節_開始日,艇4_前3節_終了日,艇4_前3節_場コード,艇4_前3節_場名,艇4_前3節_グレード,艇4_前3節_着順列,艇4_前4節_開始日,艇4_前4節_終了日,艇4_前4節_場コード,艇4_前4節_場名,艇4_前4節_グレード,艇4_前4節_着順列,艇4_前5節_開始日,艇4_前5節_終了日,艇4_前5節_場コード,艇4_前5節_場名,艇4_前5節_グレード,艇4_前5節_着順列,艇5_登録番号,艇5_選手名,艇5_前1節_開始日,艇5_前1節_終了日,艇5_前1節_場コード,艇5_前1節_場名,艇5_前1節_グレード,艇5_前1節_着順列,艇5_前2節_開始日,艇5_前2節_終了日,艇5_前2節_場コード,艇5_前2節_場名,艇5_前2節_グレード,艇5_前2節_着順列,艇5_前3節_開始日,艇5_前3節_終了日,艇5_前3節_場コード,艇5_前3節_場名,艇5_前3節_グレード,艇5_前3節_着順列,艇5_前4節_開始日,艇5_前4節_終了日,艇5_前4節_場コード,艇5_前4節_場名,艇5_前4節_グレード,艇5_前4節_着順列,艇5_前5節_開始日,艇5_前5節_終了日,艇5_前5節_場コード,艇5_前5節_場名,艇5_前5節_グレード,艇5_前5節_着順列,艇6_登録番号,艇6_選手名,艇6_前1節_開始日,艇6_前1節_終了日,艇6_前1節_場コード,艇6_前1節_場名,艇6_前1節_グレード,艇6_前1節_着順列,艇6_前2節_開始日,艇6_前2節_終了日,艇6_前2節_場コード,艇6_前2節_場名,艇6_前2節_グレード,艇6_前2節_着順列,艇6_前3節_開始日,艇6_前3節_終了日,艇6_前3節_場コード,艇6_前3節_場名,艇6_前3節_グレード,艇6_前3節_着順列,艇6_前4節_開始日,艇6_前4節_終了日,艇6_前4節_場コード,艇6_前4節_場名,艇6_前4節_グレード,艇6_前4節_着順列,艇6_前5節_開始日,艇6_前5節_終了日,艇6_前5節_場コード,艇6_前5節_場名,艇6_前5節_グレード,艇6_前5節_着順列
202604220101,2026-04-22,01,01R,3653,品川 賢次,2026-04-11,2026-04-16,14,鳴門,一般,３６４　４４６　５３２３,2026-03-19,2026-03-24,02,戸田,一般,２２６　２４４　２５２,2026-03-06,2026-03-12,01,桐生,一般,５　６　５　５　５５４３６,2026-02-22,2026-02-27,05,多摩川,一般,４　１３３　３４３５３４,2026-02-04,2026-02-07,04,平和島,一般,３　５６５２２４,4761,山田 晃大,2026-04-10,2026-04-15,17,宮島,一般,４４４　１２６　３１５５,2026-03-27,2026-03-31,16,児島,一般,５１３　１５３４１３,2026-03-14,2026-03-17,19,下関,一般,４４１　１２１４,2026-03-01,2026-03-07,20,若松,一般,３３　　５３３　５４４１１,2026-02-19,2026-02-23,24,大村,一般,４　４５３１５　２１,3708,岡部 貴司,2026-03-12,2026-03-17,07,蒲郡,一般,２　２６５４３　６２４３,2026-02-28,2026-03-03,03,江戸川,一般,５４３４２　３２,2026-02-11,2026-02-16,21,芦屋,一般,５３４４５４４　５３２,2026-01-29,2026-02-01,04,平和島,一般,５　６３Ｆ　４,2026-01-17,2026-01-22,02,戸田,一般,３４６　２２５　５３１,5137,川原 涼,2026-03-25,2026-03-30,04,平和島,一般,２２５　４１４２４３３４,2026-03-12,2026-03-17,07,蒲郡,一般,　　　　　　　　　　６１,2026-03-07,2026-03-12,02,戸田,一般,５３２　６２３　２１３,2026-02-28,2026-03-03,03,江戸川,一般,２　６６５,2026-02-17,2026-02-22,13,尼崎,一般,２５５　５６２３１　３６,3392,小森 信雄,2026-04-03,2026-04-07,17,宮島,一般,５６４　４５４落,2026-03-19,2026-03-23,19,下関,一般,３６４　転５４　３１,2026-03-01,2026-03-06,21,芦屋,一般,４　４４６　転３４５１,2026-02-14,2026-02-18,08,常滑,一般,２３３５２　５６３４,2026-01-29,2026-02-01,04,平和島,一般,４５５　１　３５,5051,松本 純平,2026-04-11,2026-04-16,22,福岡,ＧⅠ,２　５　４２５　４３６６,2026-04-02,2026-04-07,09,津,ＧⅠ,３　６　５６４　６３３,2026-03-18,2026-03-23,08,常滑,一般,２１１２２　２３１１[４],2026-02-17,2026-02-21,10,三国,一般,１６２１１２５１[５],2026-02-06,2026-02-11,05,多摩川,ＧⅠ,２　４１３　３３５　３４
202604220102,2026-04-22,01,02R,4315,山崎 昂介,2026-04-03,2026-04-07,21,芦屋,一般,６　１６１５４　４１,2026-03-19,2026-03-23,19,下関,一般,５５４　２４３　１５,2026-03-02,2026-03-05,15,丸亀,一般,４６３　２４１,2026-02-20,2026-02-25,17,宮島,一般,４１６　６４１６２１４,2026-01-31,2026-02-05,07,蒲郡,一般,１　２５５　５３２　２１,3550,都築 正治,2026-04-06,2026-04-10,08,常滑,一般,１　３１４２２２[５],2026-03-24,2026-03-29,09,津,一般,３２６　４５５　１６１１,2026-03-11,2026-03-16,16,児島,一般,６６１　３３４　２１１５,2026-03-01,2026-03-06,06,浜名湖,一般,１４１４２　４５１４５２,2026-02-19,2026-02-23,18,徳山,一般,５４４　６３６　６４,3538,菊池 峰晴,2025-11-29,2025-12-04,21,芦屋,一般,４１４　５　５２２６２４,2025-11-03,2025-11-08,07,蒲郡,一般,６　４３５　５３５　１５,2025-10-17,2025-10-22,10,三国,一般,３　１５２２６　２４２５,2025-09-25,2025-09-28,12,住之江,一般,４４２　２４３,2025-09-09,2025-09-13,05,多摩川,一般,４５４４３　３　５２,5014,梶山 涼斗,2026-03-28,2026-04-02,23,からつ,一般,３６２　４３５　４５１２,2026-03-10,2026-03-15,20,若松,ＧⅢ,３３６　４２１　２４４,2026-02-21,2026-02-26,15,丸亀,一般,６５５　５４１３４　２２,2026-02-01,2026-02-04,03,江戸川,一般,５３２１２　２１,2026-01-21,2026-01-26,16,児島,一般,３２１　６５１５６５５４,3436,柏野 幸二,2026-03-14,2026-03-17,19,下関,一般,３３１　１３３１,2026-03-01,2026-03-06,06,浜名湖,一般,４４１　３１１３２３３１,2026-02-17,2026-02-21,10,三国,一般,３２５　１４１５２３,2026-02-08,2026-02-12,03,江戸川,一般,４２６　５５１４４,2026-01-29,2026-02-01,04,平和島,一般,４３２１Ｆ　６,4384,鶴本 崇文,2026-04-07,2026-04-13,24,大村,一般,３　１１５　３６１３２３２３,2026-03-26,2026-03-31,17,宮島,一般,２６６５５２３　５　４,2026-03-11,2026-03-16,05,多摩川,一般,１　２５３１３１２３５１,2026-02-28,2026-03-03,03,江戸川,一般,４　１３１　[２],2026-02-14,2026-02-18,08,常滑,一般,４６６４
202604220103,2026-04-22,01,03R,3659,藤生 雄人,2026-04-11,2026-04-14,04,平和島,一般,２Ｆ３　４　４,2026-03-19,2026-03-24,02,戸田,一般,２５３　３２３　１３３,2026-03-06,2026-03-12,01,桐生,一般,２　１　１　５３６３１６１６,2026-02-06,2026-02-11,10,三国,一般,１　２５１５３２[３],2026-01-24,2026-01-27,06,浜名湖,一般,２２３３１　[５],5229,吉川 晴人,2026-04-08,2026-04-12,11,びわこ,一般,２１１２２　２１[２],2026-03-30,2026-04-05,18,徳山,一般,６３１１５３４　１６３２,2026-03-18,2026-03-23,14,鳴門,一般,５　６２３６２１１５３６,2026-02-08,2026-02-11,23,からつ,一般,１４５２１４１５,2026-01-29,2026-02-01,04,平和島,一般,１２１　３４[４],5042,畑田 汰一,2026-03-02,2026-03-07,16,児島,ＧⅠ,４　４１１　５４５　４３,2026-02-18,2026-02-24,03,江戸川,ＧⅠ,３４３　６　１５２　４３,2026-02-06,2026-02-11,05,多摩川,ＧⅠ,４　落　６１６６３　３６,2026-01-30,2026-02-02,02,戸田,一般,４６５３１３１,2026-01-14,2026-01-19,23,からつ,一般,２２３　１３２２３２[５],4725,佐竹 太一,2026-04-08,2026-04-12,11,びわこ,一般,６６６　５,2026-03-19,2026-03-25,15,丸亀,一般,１５４　６３６　３　５３４６,2026-03-07,2026-03-10,03,江戸川,一般,１　１４２５４２,2026-02-25,2026-02-28,13,尼崎,一般,２２２　１４[５],2026-02-10,2026-02-15,06,浜名湖,一般,３３２　５４４　３５２,4750,井上 尚悟,2026-04-14,2026-04-19,02,戸田,ＧⅢ,３６２　１　５落３　２２,2026-03-18,2026-03-23,08,常滑,一般,５　３５４　５１２５２,2026-03-07,2026-03-11,10,三国,一般,２　３６５４６　３,2026-02-08,2026-02-12,03,江戸川,一般,１　４２５　３６４１,2026-01-29,2026-02-01,04,平和島,一般,６２５　５２４,4543,重木 輝彦,2026-04-11,2026-04-16,22,福岡,ＧⅠ,４　１　４１４　２　[３],2026-04-02,2026-04-07,09,津,ＧⅠ,５　２　３２１　４　１６,2026-03-27,2026-03-31,13,尼崎,一般,３１１４２３３２[３],2026-03-14,2026-03-19,13,尼崎,ＧⅠ,　　　　　　　　１５５４,2026-03-11,2026-03-16,16,児島,一般,４２３２５１２　２３５１
202604220104,2026-04-22,01,04R,3943,三松 直美,2026-04-01,2026-04-06,22,福岡,一般,５　５６５　３　６　４６,2024-12-08,2024-12-13,19,下関,ＧⅢ,６５３　５６１　５,2024-09-12,2024-09-17,17,宮島,ＧⅢ,２　６６６　３５,2024-08-25,2024-08-30,04,平和島,ＧⅢ,４　５転３　５４６４６６,2024-07-26,2024-07-31,09,津,ＧⅢ,６　５　４６,4948,木場 悠介,2026-04-08,2026-04-12,11,びわこ,一般,１　６３４５２　３２,2026-03-19,2026-03-25,15,丸亀,一般,４　５６１　２６６　２　４２,2026-03-10,2026-03-15,20,若松,ＧⅢ,４　１２３２３　４６２６,2026-02-26,2026-03-02,08,常滑,一般,４５４６３　３　３２,2026-02-08,2026-02-12,03,江戸川,一般,４　２２４　１６２２,4567,上村 慎太郎,2026-03-30,2026-04-05,18,徳山,一般,５５４　２３６　１　３２,2026-03-12,2026-03-17,07,蒲郡,一般,６　４４５　４５４５５,2026-02-28,2026-03-05,22,福岡,一般,２　２３３５３１２５２３,2026-02-15,2026-02-19,23,からつ,一般,４６５　３６５　３６,2026-01-25,2026-01-30,18,徳山,一般,５３５　４　３６５４５,4686,丸野 一樹,2026-04-11,2026-04-16,22,福岡,ＧⅠ,３３２　２５５　６３５,2026-03-24,2026-03-29,07,蒲郡,ＳＧ,４１６　５　３１３　５５,2026-03-08,2026-03-13,24,大村,ＧⅠ,１　５　４２３　５　１４,2026-02-26,2026-03-02,08,常滑,一般,２２２２１２４１[６],2026-02-15,2026-02-20,20,若松,ＧⅠ,５６４　２１４　２５５,4856,豊田 健士郎,2026-04-14,2026-04-19,02,戸田,ＧⅢ,２６５２１　１３２１[３],2026-04-02,2026-04-07,09,津,ＧⅠ,２　１２４　６　１　[４],2026-03-17,2026-03-22,23,からつ,ＧⅡ,５３６　１２３　１１６,2026-03-02,2026-03-07,16,児島,ＧⅠ,１　２６３　５　１３２６,2026-02-19,2026-02-23,24,大村,一般,４５転２３１１　２２,3965,北中 元樹,2026-04-11,2026-04-16,14,鳴門,一般,６２６４２４２　転,2026-03-28,2026-03-31,05,多摩川,一般,２　２６２１５２,2026-03-15,2026-03-20,03,江戸川,一般,２５３　４１４　１２４,2026-03-01,2026-03-07,20,若松,一般,２２　　１　３３３３２５１５,2026-02-19,2026-02-23,18,徳山,一般,１１３　３２６１[３]
202604220105,2026-04-22,01,05R,4272,大場 広孝,2026-04-03,2026-04-07,17,宮島,一般,３２４　２５３　３４,2026-02-21,2026-02-26,21,芦屋,一般,３４２　１４４　５５３５,2026-02-06,2026-02-11,10,三国,一般,４　４５４４２　１４,2026-01-17,2026-01-22,02,戸田,一般,１　Ｆ３４　４　５　４,2026-01-02,2026-01-07,18,徳山,一般,５３４　２１４４４　５２,4159,向後 龍一,2026-04-07,2026-04-13,24,大村,一般,４２２　２４２　３４１６１４,2026-03-27,2026-03-31,16,児島,一般,４　２３５１２３１２,2026-03-10,2026-03-15,20,若松,ＧⅢ,３１６４５　２６１　３２,2026-03-02,2026-03-05,13,尼崎,一般,５５１６６　３４,2026-02-21,2026-02-25,07,蒲郡,一般,２４４４２　４　６２,4432,黄金井 力良,2026-04-13,2026-04-18,03,江戸川,一般,１　２２３　５６１　５３,2026-03-20,2026-03-25,06,浜名湖,ＧⅢ,４３２　５　５２３２５２,2026-03-08,2026-03-13,08,常滑,一般,６４４　３　４　３１３２,2026-02-21,2026-02-25,07,蒲郡,一般,５　１４４３３　４５,2026-02-05,2026-02-10,01,桐生,一般,２１４　２３１１２　[５],3455,谷本 幸司,2026-04-11,2026-04-16,14,鳴門,一般,５　６５１１４３５　５２,2026-03-29,2026-04-03,06,浜名湖,一般,１３２　５　２５５６４４,2026-03-19,2026-03-24,02,戸田,一般,１２６　１３６　１２５,2026-03-04,2026-03-09,12,住之江,一般,１６５　５　６２３　６,2026-02-21,2026-02-26,21,芦屋,一般,３２４　３１４　２６４６,4566,塩田 北斗,2026-04-11,2026-04-16,22,福岡,ＧⅠ,６　１６４　４　４４３,2026-04-02,2026-04-07,09,津,ＧⅠ,５　６３２　１　５１３４,2026-03-14,2026-03-19,13,尼崎,ＧⅠ,転,2026-03-02,2026-03-07,16,児島,ＧⅠ,３　３４３　３３１５５,2026-02-15,2026-02-20,20,若松,ＧⅠ,４　４６１　６６５　５２,3933,山地 正樹,2026-04-12,2026-04-17,16,児島,一般,２　３３２　１２３５２６,2026-03-28,2026-04-02,24,大村,一般,４１３　１２４　３３３２,2026-03-12,2026-03-17,21,芦屋,一般,３５２６１　２６６５２,2026-02-25,2026-03-01,02,戸田,一般,２３３　５４５　５４,2026-02-12,2026-02-17,17,宮島,一般,３　４１１３４４４３２４
202604220106,2026-04-22,01,06R,4066,東本 勝利,2026-04-04,2026-04-09,16,児島,一般,１５３１１　４５２３３４,2026-03-20,2026-03-25,06,浜名湖,ＧⅢ,１　３５３３５６１　３４,2026-03-09,2026-03-14,04,平和島,一般,２１２２４　３３１４４２,2026-02-25,2026-03-01,02,戸田,一般,１６４５３２２　３５,2026-02-14,2026-02-18,01,桐生,一般,２３１２３５４３１１,3538,菊池 峰晴,2025-11-29,2025-12-04,21,芦屋,一般,４１４　５　５２２６２４,2025-11-03,2025-11-08,07,蒲郡,一般,６　４３５　５３５　１５,2025-10-17,2025-10-22,10,三国,一般,３　１５２２６　２４２５,2025-09-25,2025-09-28,12,住之江,一般,４４２　２４３,2025-09-09,2025-09-13,05,多摩川,一般,４５４４３　３　５２,3569,増田 進,2026-04-13,2026-04-18,03,江戸川,一般,３　１４４　４Ｆ４　４,2026-03-30,2026-04-05,18,徳山,一般,３４３　６６４　５　４４,2026-03-18,2026-03-23,14,鳴門,一般,５　４１５　６５４６３,2026-03-09,2026-03-14,04,平和島,一般,　　　　　　　　６３５４,2026-03-02,2026-03-06,04,平和島,一般,６３６　２　４４３,4219,本岡 勝利,2026-03-29,2026-04-03,06,浜名湖,一般,４５４　６　４　４２４,2026-03-19,2026-03-24,16,児島,一般,１　４２３　５４１５４６,2026-03-08,2026-03-13,08,常滑,一般,３　５２５　３　５５５３,2026-02-28,2026-03-03,03,江戸川,一般,４　６５４　４５,2026-02-20,2026-02-25,17,宮島,一般,　　　　　　　　　　３４,5137,川原 涼,2026-03-25,2026-03-30,04,平和島,一般,２２５　４１４２４３３４,2026-03-12,2026-03-17,07,蒲郡,一般,　　　　　　　　　　６１,2026-03-07,2026-03-12,02,戸田,一般,５３２　６２３　２１３,2026-02-28,2026-03-03,03,江戸川,一般,２　６６５,2026-02-17,2026-02-22,13,尼崎,一般,２５５　５６２３１　３６,5360,高木 茉白,2026-03-19,2026-03-23,19,下関,一般,２　５妨４Ｆ６　６,2026-03-06,2026-03-11,17,宮島,一般,３　５３３　６６転６４,2026-02-19,2026-02-24,06,浜名湖,一般,６　４４５　５３２５４３,2026-02-06,2026-02-11,16,児島,一般,４　３３４　４５５　３４,2026-01-23,2026-01-28,03,江戸川,ＧⅢ,２　１６２　５６３　６５
202604220107,2026-04-22,01,07R,3436,柏野 幸二,2026-03-14,2026-03-17,19,下関,一般,３３１　１３３１,2026-03-01,2026-03-06,06,浜名湖,一般,４４１　３１１３２３３１,2026-02-17,2026-02-21,10,三国,一般,３２５　１４１５２３,2026-02-08,2026-02-12,03,江戸川,一般,４２６　５５１４４,2026-01-29,2026-02-01,04,平和島,一般,４３２１Ｆ　６,4846,佐藤 駿介,2026-03-29,2026-04-03,06,浜名湖,一般,１　３５３　５　６５１,2026-03-10,2026-03-15,22,福岡,一般,１　２６２４５５６　５４,2026-02-25,2026-03-01,02,戸田,一般,６５５　５　６３２,2026-02-10,2026-02-14,19,下関,一般,５　５２５　４３２６,2026-01-29,2026-02-03,16,児島,一般,４　５６６　３３３　２,5142,常住 蓮,2026-04-11,2026-04-16,22,福岡,ＧⅠ,６１２　２　４２２　[５],2026-04-03,2026-04-07,21,芦屋,一般,３４３１２　１２[４],2026-03-24,2026-03-29,07,蒲郡,ＳＧ,２　転　１３４　３２２,2026-03-10,2026-03-15,22,福岡,一般,１６５２２１１　２１[２],2026-01-30,2026-02-04,23,からつ,ＧⅠ,４　１１３２２　１　[４],5357,田中 瀬里奈,2026-03-30,2026-04-05,18,徳山,一般,６　６　６６６　６６６,2026-03-17,2026-03-22,17,宮島,一般,６　５６６　６６６　５６,2026-02-17,2026-02-22,19,下関,一般,６５６　２　５５５　転,2026-01-18,2026-01-22,08,常滑,一般,６６６　６　６　５４,2026-01-11,2026-01-14,02,戸田,一般,６４４　５５６,3653,品川 賢次,2026-04-11,2026-04-16,14,鳴門,一般,３６４　４４６　５３２３,2026-03-19,2026-03-24,02,戸田,一般,２２６　２４４　２５２,2026-03-06,2026-03-12,01,桐生,一般,５　６　５　５　５５４３６,2026-02-22,2026-02-27,05,多摩川,一般,４　１３３　３４３５３４,2026-02-04,2026-02-07,04,平和島,一般,３　５６５２２４,3357,福島 陽子,2026-04-11,2026-04-14,04,平和島,一般,２　５３６６６,2026-03-24,2026-03-29,10,三国,ＧⅢ,４　１５４６６　５　５１,2026-03-06,2026-03-11,17,宮島,一般,２　５４５　１４２３４４,2026-02-18,2026-02-23,22,福岡,一般,５５２　３　３５４　５２,2026-02-06,2026-02-11,16,児島,一般,２　４５４　５５２　６６
202604220108,2026-04-22,01,08R,5189,藤原 早菜,2026-04-08,2026-04-13,23,からつ,ＧⅢ,１　４　２　１５４５２５,2026-03-24,2026-03-29,10,三国,ＧⅢ,１　４１３５３５３　１４,2026-03-12,2026-03-15,14,鳴門,一般,５６３　４５３５,2026-02-28,2026-03-06,07,蒲郡,一般,３１４６５　３　２５妨４３３,2026-02-18,2026-02-23,22,福岡,一般,１　３３４１４５３４２６,5082,一色 凌雅,2026-03-28,2026-04-02,02,戸田,一般,４　１３２６２　３３４５,2026-03-11,2026-03-16,05,多摩川,一般,６　２２６　５２６４３,2026-02-25,2026-03-02,19,下関,ＧⅢ,３　３５５６４６５　３,2026-02-17,2026-02-21,10,三国,一般,５３２　６１３　３４,2026-02-01,2026-02-04,03,江戸川,一般,３５５　５１６１,4725,佐竹 太一,2026-04-08,2026-04-12,11,びわこ,一般,６６６　５,2026-03-19,2026-03-25,15,丸亀,一般,１５４　６３６　３　５３４６,2026-03-07,2026-03-10,03,江戸川,一般,１　１４２５４２,2026-02-25,2026-02-28,13,尼崎,一般,２２２　１４[５],2026-02-10,2026-02-15,06,浜名湖,一般,３３２　５４４　３５２,4315,山崎 昂介,2026-04-03,2026-04-07,21,芦屋,一般,６　１６１５４　４１,2026-03-19,2026-03-23,19,下関,一般,５５４　２４３　１５,2026-03-02,2026-03-05,15,丸亀,一般,４６３　２４１,2026-02-20,2026-02-25,17,宮島,一般,４１６　６４１６２１４,2026-01-31,2026-02-05,07,蒲郡,一般,１　２５５　５３２　２１,4686,丸野 一樹,2026-04-11,2026-04-16,22,福岡,ＧⅠ,３３２　２５５　６３５,2026-03-24,2026-03-29,07,蒲郡,ＳＧ,４１６　５　３１３　５５,2026-03-08,2026-03-13,24,大村,ＧⅠ,１　５　４２３　５　１４,2026-02-26,2026-03-02,08,常滑,一般,２２２２１２４１[６],2026-02-15,2026-02-20,20,若松,ＧⅠ,５６４　２１４　２５５,3708,岡部 貴司,2026-03-12,2026-03-17,07,蒲郡,一般,２　２６５４３　６２４３,2026-02-28,2026-03-03,03,江戸川,一般,５４３４２　３２,2026-02-11,2026-02-16,21,芦屋,一般,５３４４５４４　５３２,2026-01-29,2026-02-01,04,平和島,一般,５　６３Ｆ　４,2026-01-17,2026-01-22,02,戸田,一般,３４６　２２５　５３１
202604220109,2026-04-22,01,09R,3550,都築 正治,2026-04-06,2026-04-10,08,常滑,一般,１　３１４２２２[５],2026-03-24,2026-03-29,09,津,一般,３２６　４５５　１６１１,2026-03-11,2026-03-16,16,児島,一般,６６１　３３４　２１１５,2026-03-01,2026-03-06,06,浜名湖,一般,１４１４２　４５１４５２,2026-02-19,2026-02-23,18,徳山,一般,５４４　６３６　６４,5051,松本 純平,2026-04-11,2026-04-16,22,福岡,ＧⅠ,２　５　４２５　４３６６,2026-04-02,2026-04-07,09,津,ＧⅠ,３　６　５６４　６３３,2026-03-18,2026-03-23,08,常滑,一般,２１１２２　２３１１[４],2026-02-17,2026-02-21,10,三国,一般,１６２１１２５１[５],2026-02-06,2026-02-11,05,多摩川,ＧⅠ,２　４１３　３３５　３４,5303,土井 歩夢,2026-04-07,2026-04-13,24,大村,一般,３　４　３２４　１３４２[３],2026-03-20,2026-03-25,06,浜名湖,ＧⅢ,６　３５３２４　３５４,2026-03-02,2026-03-05,13,尼崎,一般,５６２３２　４４,2026-01-23,2026-01-26,19,下関,一般,１１１２４４４５,2026-01-10,2026-01-15,03,江戸川,一般,２２１５４３,3933,山地 正樹,2026-04-12,2026-04-17,16,児島,一般,２　３３２　１２３５２６,2026-03-28,2026-04-02,24,大村,一般,４１３　１２４　３３３２,2026-03-12,2026-03-17,21,芦屋,一般,３５２６１　２６６５２,2026-02-25,2026-03-01,02,戸田,一般,２３３　５４５　５４,2026-02-12,2026-02-17,17,宮島,一般,３　４１１３４４４３２４,5042,畑田 汰一,2026-03-02,2026-03-07,16,児島,ＧⅠ,４　４１１　５４５　４３,2026-02-18,2026-02-24,03,江戸川,ＧⅠ,３４３　６　１５２　４３,2026-02-06,2026-02-11,05,多摩川,ＧⅠ,４　落　６１６６３　３６,2026-01-30,2026-02-02,02,戸田,一般,４６５３１３１,2026-01-14,2026-01-19,23,からつ,一般,２２３　１３２２３２[５],5365,石村 日奈那,2026-04-01,2026-04-06,22,福岡,一般,５　５　６５５　４　４３,2026-03-18,2026-03-23,20,若松,一般,６　６６６　２５５　４６,2026-02-28,2026-03-06,07,蒲郡,一般,５６６　６５６　６　６６６６,2026-02-12,2026-02-17,04,平和島,ＧⅢ,３　５５５　６３４　６４,2026-01-26,2026-01-29,09,津,一般,５５６　６５４
202604220110,2026-04-22,01,10R,3385,渡邉 睦広,2026-04-06,2026-04-10,08,常滑,一般,３２４　１６６４２４,2026-03-26,2026-03-31,17,宮島,一般,２４２　５５５　１１２１,2026-03-18,2026-03-21,04,平和島,一般,２１４　１３[３],2026-03-08,2026-03-11,13,尼崎,一般,２３６５３　３２,2026-02-22,2026-02-27,05,多摩川,一般,４１３　６２５６２　１３,4224,大橋 栄里佳,2026-04-11,2026-04-14,04,平和島,一般,６４４　５３３６,2026-03-24,2026-03-29,10,三国,ＧⅢ,４５４２３　２２１　１３,2026-03-12,2026-03-17,21,芦屋,一般,３３５４１　５３２３３５,2026-03-03,2026-03-08,11,びわこ,一般,１　１２１５６１１２[４],2026-02-18,2026-02-23,22,福岡,一般,１　５４１４３２１２[３],4543,重木 輝彦,2026-04-11,2026-04-16,22,福岡,ＧⅠ,４　１　４１４　２　[３],2026-04-02,2026-04-07,09,津,ＧⅠ,５　２　３２１　４　１６,2026-03-27,2026-03-31,13,尼崎,一般,３１１４２３３２[３],2026-03-14,2026-03-19,13,尼崎,ＧⅠ,　　　　　　　　１５５４,2026-03-11,2026-03-16,16,児島,一般,４２３２５１２　２３５１,4432,黄金井 力良,2026-04-13,2026-04-18,03,江戸川,一般,１　２２３　５６１　５３,2026-03-20,2026-03-25,06,浜名湖,ＧⅢ,４３２　５　５２３２５２,2026-03-08,2026-03-13,08,常滑,一般,６４４　３　４　３１３２,2026-02-21,2026-02-25,07,蒲郡,一般,５　１４４３３　４５,2026-02-05,2026-02-10,01,桐生,一般,２１４　２３１１２　[５],4384,鶴本 崇文,2026-04-07,2026-04-13,24,大村,一般,３　１１５　３６１３２３２３,2026-03-26,2026-03-31,17,宮島,一般,２６６５５２３　５　４,2026-03-11,2026-03-16,05,多摩川,一般,１　２５３１３１２３５１,2026-02-28,2026-03-03,03,江戸川,一般,４　１３１　[２],2026-02-14,2026-02-18,08,常滑,一般,４６６４,4082,濱崎 誠,2026-03-30,2026-04-05,18,徳山,一般,５２４　５　３６６　４１,2026-03-20,2026-03-25,05,多摩川,一般,６　４３３　１３３４５５,2026-03-04,2026-03-09,12,住之江,一般,５６１　１　６４１　１２,2026-02-19,2026-02-24,06,浜名湖,一般,１　２１４２６３２２[６],2026-02-01,2026-02-04,03,江戸川,一般,４２転　１２３３
202604220111,2026-04-22,01,11R,4856,豊田 健士郎,2026-04-14,2026-04-19,02,戸田,ＧⅢ,２６５２１　１３２１[３],2026-04-02,2026-04-07,09,津,ＧⅠ,２　１２４　６　１　[４],2026-03-17,2026-03-22,23,からつ,ＧⅡ,５３６　１２３　１１６,2026-03-02,2026-03-07,16,児島,ＧⅠ,１　２６３　５　１３２６,2026-02-19,2026-02-23,24,大村,一般,４５転２３１１　２２,4566,塩田 北斗,2026-04-11,2026-04-16,22,福岡,ＧⅠ,６　１６４　４　４４３,2026-04-02,2026-04-07,09,津,ＧⅠ,５　６３２　１　５１３４,2026-03-14,2026-03-19,13,尼崎,ＧⅠ,転,2026-03-02,2026-03-07,16,児島,ＧⅠ,３　３４３　３３１５５,2026-02-15,2026-02-20,20,若松,ＧⅠ,４　４６１　６６５　５２,4219,本岡 勝利,2026-03-29,2026-04-03,06,浜名湖,一般,４５４　６　４　４２４,2026-03-19,2026-03-24,16,児島,一般,１　４２３　５４１５４６,2026-03-08,2026-03-13,08,常滑,一般,３　５２５　３　５５５３,2026-02-28,2026-03-03,03,江戸川,一般,４　６５４　４５,2026-02-20,2026-02-25,17,宮島,一般,　　　　　　　　　　３４,4846,佐藤 駿介,2026-03-29,2026-04-03,06,浜名湖,一般,１　３５３　５　６５１,2026-03-10,2026-03-15,22,福岡,一般,１　２６２４５５６　５４,2026-02-25,2026-03-01,02,戸田,一般,６５５　５　６３２,2026-02-10,2026-02-14,19,下関,一般,５　５２５　４３２６,2026-01-29,2026-02-03,16,児島,一般,４　５６６　３３３　２,4761,山田 晃大,2026-04-10,2026-04-15,17,宮島,一般,４４４　１２６　３１５５,2026-03-27,2026-03-31,16,児島,一般,５１３　１５３４１３,2026-03-14,2026-03-17,19,下関,一般,４４１　１２１４,2026-03-01,2026-03-07,20,若松,一般,３３　　５３３　５４４１１,2026-02-19,2026-02-23,24,大村,一般,４　４５３１５　２１,5229,吉川 晴人,2026-04-08,2026-04-12,11,びわこ,一般,２１１２２　２１[２],2026-03-30,2026-04-05,18,徳山,一般,６３１１５３４　１６３２,2026-03-18,2026-03-23,14,鳴門,一般,５　６２３６２１１５３６,2026-02-08,2026-02-11,23,からつ,一般,１４５２１４１５,2026-01-29,2026-02-01,04,平和島,一般,１２１　３４[４]
202604220112,2026-04-22,01,12R,5142,常住 蓮,2026-04-11,2026-04-16,22,福岡,ＧⅠ,６１２　２　４２２　[５],2026-04-03,2026-04-07,21,芦屋,一般,３４３１２　１２[４],2026-03-24,2026-03-29,07,蒲郡,ＳＧ,２　転　１３４　３２２,2026-03-10,2026-03-15,22,福岡,一般,１６５２２１１　２１[２],2026-01-30,2026-02-04,23,からつ,ＧⅠ,４　１１３２２　１　[４],3965,北中 元樹,2026-04-11,2026-04-16,14,鳴門,一般,６２６４２４２　転,2026-03-28,2026-03-31,05,多摩川,一般,２　２６２１５２,2026-03-15,2026-03-20,03,江戸川,一般,２５３　４１４　１２４,2026-03-01,2026-03-07,20,若松,一般,２２　　１　３３３３２５１５,2026-02-19,2026-02-23,18,徳山,一般,１１３　３２６１[３],5082,一色 凌雅,2026-03-28,2026-04-02,02,戸田,一般,４　１３２６２　３３４５,2026-03-11,2026-03-16,05,多摩川,一般,６　２２６　５２６４３,2026-02-25,2026-03-02,19,下関,ＧⅢ,３　３５５６４６５　３,2026-02-17,2026-02-21,10,三国,一般,５３２　６１３　３４,2026-02-01,2026-02-04,03,江戸川,一般,３５５　５１６１,4750,井上 尚悟,2026-04-14,2026-04-19,02,戸田,ＧⅢ,３６２　１　５落３　２２,2026-03-18,2026-03-23,08,常滑,一般,５　３５４　５１２５２,2026-03-07,2026-03-11,10,三国,一般,２　３６５４６　３,2026-02-08,2026-02-12,03,江戸川,一般,１　４２５　３６４１,2026-01-29,2026-02-01,04,平和島,一般,６２５　５２４,4066,東本 勝利,2026-04-04,2026-04-09,16,児島,一般,１５３１１　４５２３３４,2026-03-20,2026-03-25,06,浜名湖,ＧⅢ,１　３５３３５６１　３４,2026-03-09,2026-03-14,04,平和島,一般,２１２２４　３３１４４２,2026-02-25,2026-03-01,02,戸田,一般,１６４５３２２　３５,2026-02-14,2026-02-18,01,桐生,一般,２３１２３５４３１１,4159,向後 龍一,2026-04-07,2026-04-13,24,大村,一般,４２２　２４２　３４１６１４,2026-03-27,2026-03-31,16,児島,一般,４　２３５１２３１２,2026-03-10,2026-03-15,20,若松,ＧⅢ,３１６４５　２６１　３２,2026-03-02,2026-03-05,13,尼崎,一般,５５１６６　３４,2026-02-21,2026-02-25,07,蒲郡,一般,２４４４２　４　６２
202604220501,2026-04-22,05,01R,3467,森 弘行,2026-03-22,2026-03-27,22,福岡,一般,５５５　２　５４３　６,2026-03-07,2026-03-11,10,三国,一般,６　６６３,2026-02-22,2026-02-27,05,多摩川,一般,５　３３６　４５５２５,2026-02-10,2026-02-14,15,丸亀,一般,５　３　３５５　１４,2026-01-25,2026-01-30,11,びわこ,一般,３４５　５　４欠,3776,横井 健太,2026-03-28,2026-04-02,24,大村,一般,４　２４４　５６５　４,2026-03-12,2026-03-17,06,浜名湖,一般,４　２６６　４６１　４,2026-02-21,2026-02-25,07,蒲郡,一般,６　６６６　４６４,2026-02-05,2026-02-10,01,桐生,一般,４　４５４　４４５４４,2026-01-21,2026-01-26,04,平和島,一般,３５４　４　２５５２６,3850,小川 知行,2026-03-26,2026-03-31,19,下関,一般,６１６　６　６５５　３３,2026-03-09,2026-03-14,04,平和島,一般,２４２　３６６１１　６３,2026-02-25,2026-03-01,02,戸田,一般,３６６　５１３　２５,2026-02-13,2026-02-18,11,びわこ,一般,２　１４５６５３３　２４,2026-01-25,2026-01-30,18,徳山,一般,５２３　１２４　４６１３,4692,酒井 俊弘,2026-03-30,2026-04-04,15,丸亀,一般,４３２　４６５　５６１,2026-03-15,2026-03-20,03,江戸川,一般,５４６　２４６,2026-02-28,2026-03-05,22,福岡,一般,４５１　２１３２４１[２],2026-02-17,2026-02-21,10,三国,一般,１　４１２２落３２５,2026-01-29,2026-02-01,04,平和島,一般,５６５　２　５４,3911,鈴木 猛,2026-04-06,2026-04-10,08,常滑,一般,３４４　２５５　４１,2026-03-28,2026-03-31,05,多摩川,一般,４３２　４５２４,2026-03-15,2026-03-20,03,江戸川,一般,２２４　１５２　４５１２,2026-03-02,2026-03-06,04,平和島,一般,４　１１１　１６２１,2026-02-19,2026-02-24,06,浜名湖,一般,２５５６２　５　１３３２,4031,飯島 誠,2026-03-28,2026-04-02,02,戸田,一般,１４４　２　４１５１[４],2026-03-18,2026-03-21,04,平和島,一般,２　２６４２６２,2026-03-04,2026-03-09,12,住之江,一般,３　６４２　６５６　６,2026-02-21,2026-02-26,21,芦屋,一般,１　２３２　４６４６２５,2026-01-29,2026-02-03,13,尼崎,一般,２５２　２３６　５３５
202604220502,2026-04-22,05,02R,4411,沢田 昭宏,2026-04-04,2026-04-09,16,児島,一般,２　４２４３２４１２[４],2026-03-20,2026-03-25,06,浜名湖,ＧⅢ,３３６　２２１５１６３４,2026-03-10,2026-03-15,22,福岡,一般,２６３５２　３６１　２３,2026-03-02,2026-03-05,13,尼崎,一般,４　１５１４５３,2026-02-20,2026-02-25,17,宮島,一般,２　１４４　４２３２[５],4035,杉江 浩明,2026-03-30,2026-04-05,18,徳山,一般,３６６　２　１４５４２２,2026-03-22,2026-03-27,22,福岡,一般,６　３６５　６４１　５,2026-03-12,2026-03-17,07,蒲郡,一般,６　１６４１５　３５１６,2026-03-01,2026-03-06,06,浜名湖,一般,２３５　６４６１４　２３,2026-02-13,2026-02-18,11,びわこ,一般,１４３　３２４　６２６２,3893,汐崎 正則,2026-03-22,2026-03-27,22,福岡,一般,１６６　６４３　４２２,2026-03-08,2026-03-11,13,尼崎,一般,１４５　３３３４,2026-02-24,2026-03-01,01,桐生,一般,２　３６４３６　６　４２,2026-02-10,2026-02-14,15,丸亀,一般,６５２　６　４４４５,2026-01-20,2026-01-25,17,宮島,一般,５３１　２６１　２６２６,4540,相原 利章,2026-04-03,2026-04-08,04,平和島,一般,１２３　４３１　４３４２,2026-03-19,2026-03-25,15,丸亀,一般,３２３　１３１１３１６２[３],2026-03-07,2026-03-11,10,三国,一般,６　６５４４２　３６,2026-02-23,2026-02-28,23,からつ,一般,５　３５２２４,2026-02-12,2026-02-17,17,宮島,一般,３４１３６　６５,3987,後藤 正宗,2026-03-26,2026-03-31,19,下関,一般,５　５４４３４　４　４,2026-03-10,2026-03-15,20,若松,ＧⅢ,１　１２２６５５１５１６,2026-03-01,2026-03-06,06,浜名湖,一般,１　１２４３２４４２[３],2026-02-21,2026-02-26,15,丸亀,一般,３　３５１２１　３４１３,2026-02-04,2026-02-07,04,平和島,一般,１　１４２２[２],4182,吉田 和仁,2026-04-08,2026-04-12,11,びわこ,一般,４　４２６４３　３１,2026-03-16,2026-03-19,10,三国,一般,２３５　４１３２,2026-03-06,2026-03-11,17,宮島,一般,４１６　４６５３４　３２,2026-02-24,2026-03-01,01,桐生,一般,３　４１３５６　転　４４,2026-02-13,2026-02-18,11,びわこ,一般,５　１１５３４６４　４１
202604220503,2026-04-22,05,03R,4417,服部 剛,2026-03-28,2026-04-02,23,からつ,一般,２１１　２　６４５３２１,2026-02-26,2026-03-02,08,常滑,一般,４　４３３２１５３４,2026-02-11,2026-02-16,21,芦屋,一般,２　３６６　５１２４２５,2026-01-22,2026-01-28,24,大村,一般,５４３　４２４　５６６　５,2026-01-07,2026-01-11,07,蒲郡,一般,１２４４４　５　２６,3713,伊藤 誠二,2026-04-06,2026-04-10,08,常滑,一般,５１３　２１１２[６],2026-03-26,2026-03-31,19,下関,一般,１２３２４　２２１　６１,2026-03-12,2026-03-17,07,蒲郡,一般,４　２２３４３６２４２２,2026-02-24,2026-03-01,01,桐生,一般,１１２　２６３３１　１２,2026-02-04,2026-02-09,18,徳山,一般,５３１６４３１　１１[３],3945,橋口 真樹,2026-03-27,2026-03-31,16,児島,一般,１　３４１３３３４６,2026-03-12,2026-03-16,11,びわこ,一般,４　５４４５２　４,2026-02-21,2026-02-26,04,平和島,一般,５　４６５４３４４　４,2026-02-06,2026-02-11,10,三国,一般,５２４　５　２１２２,2026-01-21,2026-01-25,01,桐生,一般,６　６６,3904,森 貴洋,2026-03-26,2026-03-31,17,宮島,一般,３　６３６　２４３５転６,2026-03-01,2026-03-06,06,浜名湖,一般,５　２６１　２２１５１３,2026-02-21,2026-02-25,07,蒲郡,一般,５６２　５３２　５４,2026-01-27,2026-02-01,21,芦屋,一般,５　２４５　２６３４４５,2026-01-11,2026-01-14,13,尼崎,一般,６　１４２　１６,3796,長野 道臣,2026-04-03,2026-04-07,21,芦屋,一般,５　６５３２４　５２,2026-03-22,2026-03-25,13,尼崎,一般,４６６　２４４,2026-03-08,2026-03-13,08,常滑,一般,５２４　１　１５１６３５,2026-02-22,2026-02-27,11,びわこ,一般,２　５５３３３　５３２１,2026-02-01,2026-02-04,03,江戸川,一般,２１２　２４１[６],4311,岡村 仁,2026-04-06,2026-04-10,08,常滑,一般,４４４５３６２２１３,2026-03-26,2026-03-31,21,芦屋,ＧⅢ,４１３２１　１５３１[３],2026-03-12,2026-03-17,07,蒲郡,一般,１１４２３１１２１１[１],2026-03-02,2026-03-07,16,児島,ＧⅠ,転　５６６　１５５　６,2026-02-18,2026-02-24,03,江戸川,ＧⅠ,１６６　２　２２３　１４
202604220504,2026-04-22,05,04R,3448,高山 秀雄,2026-04-05,2026-04-10,02,戸田,一般,４５４　１５５　３２６２,2026-03-19,2026-03-23,19,下関,一般,４１４　１２３２[５],2026-02-28,2026-03-06,07,蒲郡,一般,４　１６３４５Ｌ６　４　６５,2026-02-12,2026-02-16,18,徳山,一般,５５５　２　５５４,2026-01-29,2026-02-01,01,桐生,一般,３５３　１５５,3687,花田 和明,2026-04-01,2026-04-06,01,桐生,一般,４６３　１１３３２５１６,2026-03-16,2026-03-19,10,三国,一般,３３２　３６４４,2026-02-10,2026-02-16,07,蒲郡,一般,１２３　５４３　５５１６１５,2026-01-21,2026-01-24,14,鳴門,一般,１　５　６３４３,2026-01-09,2026-01-13,17,宮島,一般,１２　　３２４２[５],3412,鈴木 博,2026-04-06,2026-04-10,08,常滑,一般,４１２３２　２３４１,2026-03-26,2026-03-31,17,宮島,一般,５１２　２４４１４３３２,2026-03-07,2026-03-11,10,三国,一般,３　２２３６２３２１,2026-02-25,2026-02-28,13,尼崎,一般,２３２５１６１３,2026-02-12,2026-02-16,18,徳山,一般,３　１３２１３１[２],3857,阿波 勝哉,2026-03-24,2026-03-29,09,津,一般,１　５５４　２３４５２２,2026-03-12,2026-03-15,14,鳴門,一般,６６６　１　４１,2026-02-22,2026-02-28,12,住之江,一般,４　４６５６６　６４４　５,2026-02-01,2026-02-04,03,江戸川,一般,５　４５４２１６,2026-01-25,2026-01-29,05,多摩川,一般,１　１５３　３４４５,3947,寺本 昇平,2026-03-30,2026-04-04,15,丸亀,一般,５　３３６　４５４　３４,2026-03-12,2026-03-17,07,蒲郡,一般,３６２　３４５５５　４３,2026-02-25,2026-03-01,02,戸田,一般,４２１　５６５　４４,2026-02-10,2026-02-15,06,浜名湖,一般,２３１　５３１　６４１４,2026-01-25,2026-01-28,20,若松,一般,６５３　５　２６,4828,松山 将吾,2026-04-05,2026-04-11,07,蒲郡,一般,３　３５３１５１２　４３２１,2026-03-26,2026-03-31,21,芦屋,ＧⅢ,５　１３３２１１４１[２],2026-03-12,2026-03-17,06,浜名湖,一般,１　２１１３３２１１[１],2026-02-18,2026-02-24,03,江戸川,ＧⅠ,２３４　２４５　４４３,2026-02-04,2026-02-09,12,住之江,ＧⅠ,６　６　２６
202604220505,2026-04-22,05,05R,3656,伯母 芳恒,2026-03-20,2026-03-25,06,浜名湖,ＧⅢ,５　３４６２４　２２２５,2026-03-06,2026-03-12,01,桐生,一般,３　１　３５６　４２３３１,2026-02-15,2026-02-19,23,からつ,一般,４１４　１６４３４６,2026-01-27,2026-02-01,21,芦屋,一般,５３,2026-01-17,2026-01-20,13,尼崎,一般,４５４　３６２,4508,野間 大樹,2026-03-10,2026-03-15,22,福岡,一般,３３２　１３６３３２[５],2026-02-05,2026-02-10,01,桐生,一般,３１１　３３６　２３１２,2026-01-25,2026-01-30,11,びわこ,一般,３４２　２２６５Ｆ　６,2026-01-14,2026-01-19,07,蒲郡,ＧⅢ,３　４３５　３４２　５３,2026-01-02,2026-01-07,12,住之江,一般,２　２３２　５６１５２６,4175,川尻 泰輔,2026-03-27,2026-03-31,16,児島,一般,２１４２１　６３２３,2026-03-12,2026-03-17,21,芦屋,一般,４２１　６２２２２４３４,2026-02-25,2026-02-28,13,尼崎,一般,４４５　２２５２,2026-02-06,2026-02-11,02,戸田,一般,４　１３４　２４２３３１,2026-01-14,2026-01-19,07,蒲郡,ＧⅢ,５１１　３２１３３５１６,3860,松本 浩貴,2026-03-28,2026-04-02,24,大村,一般,５　２２６　２４６　５４,2026-03-12,2026-03-17,21,芦屋,一般,６５４　４４３　２　６,2026-02-25,2026-03-01,02,戸田,一般,５３３　５　４２１３,2026-02-15,2026-02-20,16,児島,一般,３　３４２　２４６５２４,2026-01-26,2026-01-29,09,津,一般,落６４　６６５,4142,平野 和明,2026-04-05,2026-04-10,10,三国,一般,２　２４１６５４１５１４,2026-03-22,2026-03-27,22,福岡,一般,２３１　１６５１４４３３,2026-03-12,2026-03-15,14,鳴門,一般,４３２　２５３３,2026-03-01,2026-03-07,20,若松,一般,４　３　３３１　５４１３２,2026-02-19,2026-02-23,18,徳山,一般,１　５３３５２　３２,4512,高野 哲史,2026-04-08,2026-04-12,11,びわこ,一般,４１１４３１３２[６],2026-03-14,2026-03-19,13,尼崎,ＧⅠ,５　１１５　３４６１４３,2026-03-02,2026-03-07,16,児島,ＧⅠ,３　６１６　３３５２５,2026-02-17,2026-02-21,10,三国,一般,２３２２２４４２[４],2026-02-04,2026-02-09,12,住之江,ＧⅠ,６　１５５　１６４６４
202604220506,2026-04-22,05,06R,4441,末永 由楽,2026-04-08,2026-04-12,11,びわこ,一般,２５６３２４２　１６,2026-03-27,2026-03-31,16,児島,一般,１　４６１４１５１４,2026-03-15,2026-03-20,03,江戸川,一般,４６４　６３４　４６１,2026-03-02,2026-03-05,13,尼崎,一般,４３２２４　１４,2026-02-21,2026-02-25,07,蒲郡,一般,２　２２３６３３３１,5111,三村 岳人,2026-03-24,2026-03-29,09,津,一般,１　３５１　２６６３１２,2026-02-27,2026-03-05,18,徳山,一般,５２１　２５３６２２１２[３],2026-02-08,2026-02-11,23,からつ,一般,２　１３２３６３,2026-01-18,2026-01-21,19,下関,一般,５　３４１　２１,2026-01-06,2026-01-11,16,児島,一般,　　　　　　　　　　３２,4989,石原 翼,2026-04-03,2026-04-07,21,芦屋,一般,６１２　２６４３４２,2026-03-17,2026-03-22,23,からつ,ＧⅡ,１　４　２４６２５　１５,2026-03-08,2026-03-11,13,尼崎,一般,１４４３１　６１,2026-02-28,2026-03-03,03,江戸川,一般,３　５１１２５１,2026-02-17,2026-02-21,10,三国,一般,５４,3370,坪内 実,2026-03-16,2026-03-19,10,三国,一般,５　６２４４６５,2026-03-07,2026-03-10,03,江戸川,一般,３４３３１　６５,2026-02-23,2026-02-28,23,からつ,一般,６１３　４　２３４３６１,2026-02-11,2026-02-14,14,鳴門,一般,６　６５６　１５,2026-01-27,2026-02-01,21,芦屋,一般,６　６６６　５３６　６３,4520,高倉 孝太,2026-03-29,2026-04-03,06,浜名湖,一般,５５３　６１５　１　２１,2026-03-19,2026-03-24,02,戸田,一般,４５１　４６３　２３６,2026-03-11,2026-03-16,16,児島,一般,２　４１２　４１４２[２],2026-02-25,2026-02-28,13,尼崎,一般,５３１　１２[６],2026-02-10,2026-02-16,07,蒲郡,一般,３　５４３　４４１２６　１２,4907,小池 修平,2026-04-03,2026-04-08,12,住之江,ＧⅠ,１３３　５６２　６５４,2026-03-24,2026-03-29,07,蒲郡,ＳＧ,４　６　３４６　３２４,2026-03-08,2026-03-13,24,大村,ＧⅠ,３４２　５　２転５,2026-03-02,2026-03-05,13,尼崎,一般,１６１１１１[１],2026-02-18,2026-02-24,03,江戸川,ＧⅠ,１　３　２５６　１２６５
202604220507,2026-04-22,05,07R,4692,酒井 俊弘,2026-03-30,2026-04-04,15,丸亀,一般,４３２　４６５　５６１,2026-03-15,2026-03-20,03,江戸川,一般,５４６　２４６,2026-02-28,2026-03-05,22,福岡,一般,４５１　２１３２４１[２],2026-02-17,2026-02-21,10,三国,一般,１　４１２２落３２５,2026-01-29,2026-02-01,04,平和島,一般,５６５　２　５４,3796,長野 道臣,2026-04-03,2026-04-07,21,芦屋,一般,５　６５３２４　５２,2026-03-22,2026-03-25,13,尼崎,一般,４６６　２４４,2026-03-08,2026-03-13,08,常滑,一般,５２４　１　１５１６３５,2026-02-22,2026-02-27,11,びわこ,一般,２　５５３３３　５３２１,2026-02-01,2026-02-04,03,江戸川,一般,２１２　２４１[６],3905,天野 友和,2026-04-08,2026-04-12,11,びわこ,一般,２１４３２　２５４４,2026-03-26,2026-03-31,19,下関,一般,５２２４２　２１３　４２,2026-03-08,2026-03-13,08,常滑,一般,２　１１２　２６１２[２],2026-02-23,2026-02-27,16,児島,一般,４６４　３５５１５,2026-02-10,2026-02-16,07,蒲郡,一般,２　２３２５３２３　１４１２,3874,山本 寛久,2026-04-05,2026-04-10,10,三国,一般,１２５　２３３２２２[４],2026-03-26,2026-03-31,21,芦屋,ＧⅢ,４２３４３１１　１５３３,2026-03-12,2026-03-17,06,浜名湖,一般,１２４　２３５６１６６５,2026-02-28,2026-03-06,07,蒲郡,一般,５６１　１２１１４３４４１４,2026-02-18,2026-02-24,03,江戸川,ＧⅠ,６　６　４１６　１６５,4417,服部 剛,2026-03-28,2026-04-02,23,からつ,一般,２１１　２　６４５３２１,2026-02-26,2026-03-02,08,常滑,一般,４　４３３２１５３４,2026-02-11,2026-02-16,21,芦屋,一般,２　３６６　５１２４２５,2026-01-22,2026-01-28,24,大村,一般,５４３　４２４　５６６　５,2026-01-07,2026-01-11,07,蒲郡,一般,１２４４４　５　２６,3353,前田 光昭,2026-03-22,2026-03-25,13,尼崎,一般,５　５３６６６,2026-03-01,2026-03-06,06,浜名湖,一般,６　５４６　５６６　５６,2026-02-11,2026-02-16,21,芦屋,一般,３　５６６　５２２２１４,2026-01-03,2026-01-08,02,戸田,一般,４　３　３３４５３　３６,2025-12-12,2025-12-17,10,三国,一般,３　６４６　Ｆ４６　４
202604220508,2026-04-22,05,08R,3857,阿波 勝哉,2026-03-24,2026-03-29,09,津,一般,１　５５４　２３４５２２,2026-03-12,2026-03-15,14,鳴門,一般,６６６　１　４１,2026-02-22,2026-02-28,12,住之江,一般,４　４６５６６　６４４　５,2026-02-01,2026-02-04,03,江戸川,一般,５　４５４２１６,2026-01-25,2026-01-29,05,多摩川,一般,１　１５３　３４４５,4039,村上 功祐,2026-04-04,2026-04-09,16,児島,一般,１　４１２６５２１２[５],2026-03-20,2026-03-25,06,浜名湖,ＧⅢ,５　６６５,2026-03-12,2026-03-15,14,鳴門,一般,６　３５５３２,2026-03-01,2026-03-06,21,芦屋,一般,１　３２２５４４１５２４,2026-02-15,2026-02-19,23,からつ,一般,２　６４６６４　１５,3448,高山 秀雄,2026-04-05,2026-04-10,02,戸田,一般,４５４　１５５　３２６２,2026-03-19,2026-03-23,19,下関,一般,４１４　１２３２[５],2026-02-28,2026-03-06,07,蒲郡,一般,４　１６３４５Ｌ６　４　６５,2026-02-12,2026-02-16,18,徳山,一般,５５５　２　５５４,2026-01-29,2026-02-01,01,桐生,一般,３５３　１５５,3981,今坂 晃広,2026-03-30,2026-04-04,15,丸亀,一般,１　６５５　４５５　６６,2026-03-18,2026-03-22,24,大村,一般,２　４１４６６　１６,2026-03-01,2026-03-06,21,芦屋,一般,６　６４６５１　４　４４,2026-02-10,2026-02-16,07,蒲郡,一般,１　１３３４４　５５４６４６,2026-01-26,2026-01-29,09,津,一般,１　６４５５３５,4055,吉田 俊彦,2026-04-06,2026-04-10,08,常滑,一般,３１３４６１１４４２,2026-03-26,2026-03-31,19,下関,一般,２３４１３２１　６　[２],2026-03-14,2026-03-19,13,尼崎,ＧⅠ,５　３４４　１４４６５,2026-03-01,2026-03-06,21,芦屋,一般,４３２１２　２２２２[５],2026-02-15,2026-02-19,23,からつ,一般,５３１２１　２４２１,4129,宇野 博之,2026-04-05,2026-04-11,07,蒲郡,一般,４　３３１　６５４　１５６４,2026-03-19,2026-03-23,19,下関,一般,４　４５１３２　３３,2026-03-02,2026-03-06,04,平和島,一般,４　５６４　５３５,2026-02-15,2026-02-20,16,児島,一般,２　４６１　４１２６３６,2026-01-30,2026-02-02,02,戸田,一般,３６５　３　３６
202604220509,2026-04-22,05,09R,3904,森 貴洋,2026-03-26,2026-03-31,17,宮島,一般,３　６３６　２４３５転６,2026-03-01,2026-03-06,06,浜名湖,一般,５　２６１　２２１５１３,2026-02-21,2026-02-25,07,蒲郡,一般,５６２　５３２　５４,2026-01-27,2026-02-01,21,芦屋,一般,５　２４５　２６３４４５,2026-01-11,2026-01-14,13,尼崎,一般,６　１４２　１６,4142,平野 和明,2026-04-05,2026-04-10,10,三国,一般,２　２４１６５４１５１４,2026-03-22,2026-03-27,22,福岡,一般,２３１　１６５１４４３３,2026-03-12,2026-03-15,14,鳴門,一般,４３２　２５３３,2026-03-01,2026-03-07,20,若松,一般,４　３　３３１　５４１３２,2026-02-19,2026-02-23,18,徳山,一般,１　５３３５２　３２,4954,内山 峻輔,2026-04-05,2026-04-10,02,戸田,一般,　　　　　　　　　　６３,2026-03-26,2026-03-31,17,宮島,一般,６４６　５６落欠,2026-03-06,2026-03-12,01,桐生,一般,４　５　５　１５３　４４４３,2026-02-08,2026-02-12,03,江戸川,一般,５２５　３２６４転５,2026-01-25,2026-01-28,20,若松,一般,５　５３妨１５,3850,小川 知行,2026-03-26,2026-03-31,19,下関,一般,６１６　６　６５５　３３,2026-03-09,2026-03-14,04,平和島,一般,２４２　３６６１１　６３,2026-02-25,2026-03-01,02,戸田,一般,３６６　５１３　２５,2026-02-13,2026-02-18,11,びわこ,一般,２　１４５６５３３　２４,2026-01-25,2026-01-30,18,徳山,一般,５２３　１２４　４６１３,3687,花田 和明,2026-04-01,2026-04-06,01,桐生,一般,４６３　１１３３２５１６,2026-03-16,2026-03-19,10,三国,一般,３３２　３６４４,2026-02-10,2026-02-16,07,蒲郡,一般,１２３　５４３　５５１６１５,2026-01-21,2026-01-24,14,鳴門,一般,１　５　６３４３,2026-01-09,2026-01-13,17,宮島,一般,１２　　３２４２[５],3327,野長瀬 正孝,2026-04-08,2026-04-12,11,びわこ,一般,２　２２５１１５１２,2026-03-26,2026-03-31,19,下関,一般,４４２　４　４３５　２,2026-03-12,2026-03-17,07,蒲郡,一般,１３４３１　３２２１[４],2026-03-02,2026-03-05,13,尼崎,一般,４４５　６２５,2026-02-21,2026-02-26,15,丸亀,一般,５４４　２５１　６欠
202604220510,2026-04-22,05,10R,4311,岡村 仁,2026-04-06,2026-04-10,08,常滑,一般,４４４５３６２２１３,2026-03-26,2026-03-31,21,芦屋,ＧⅢ,４１３２１　１５３１[３],2026-03-12,2026-03-17,07,蒲郡,一般,１１４２３１１２１１[１],2026-03-02,2026-03-07,16,児島,ＧⅠ,転　５６６　１５５　６,2026-02-18,2026-02-24,03,江戸川,ＧⅠ,１６６　２　２２３　１４,3987,後藤 正宗,2026-03-26,2026-03-31,19,下関,一般,５　５４４３４　４　４,2026-03-10,2026-03-15,20,若松,ＧⅢ,１　１２２６５５１５１６,2026-03-01,2026-03-06,06,浜名湖,一般,１　１２４３２４４２[３],2026-02-21,2026-02-26,15,丸亀,一般,３　３５１２１　３４１３,2026-02-04,2026-02-07,04,平和島,一般,１　１４２２[２],4540,相原 利章,2026-04-03,2026-04-08,04,平和島,一般,１２３　４３１　４３４２,2026-03-19,2026-03-25,15,丸亀,一般,３２３　１３１１３１６２[３],2026-03-07,2026-03-11,10,三国,一般,６　６５４４２　３６,2026-02-23,2026-02-28,23,からつ,一般,５　３５２２４,2026-02-12,2026-02-17,17,宮島,一般,３４１３６　６５,3412,鈴木 博,2026-04-06,2026-04-10,08,常滑,一般,４１２３２　２３４１,2026-03-26,2026-03-31,17,宮島,一般,５１２　２４４１４３３２,2026-03-07,2026-03-11,10,三国,一般,３　２２３６２３２１,2026-02-25,2026-02-28,13,尼崎,一般,２３２５１６１３,2026-02-12,2026-02-16,18,徳山,一般,３　１３２１３１[２],3713,伊藤 誠二,2026-04-06,2026-04-10,08,常滑,一般,５１３　２１１２[６],2026-03-26,2026-03-31,19,下関,一般,１２３２４　２２１　６１,2026-03-12,2026-03-17,07,蒲郡,一般,４　２２３４３６２４２２,2026-02-24,2026-03-01,01,桐生,一般,１１２　２６３３１　１２,2026-02-04,2026-02-09,18,徳山,一般,５３１６４３１　１１[３],4441,末永 由楽,2026-04-08,2026-04-12,11,びわこ,一般,２５６３２４２　１６,2026-03-27,2026-03-31,16,児島,一般,１　４６１４１５１４,2026-03-15,2026-03-20,03,江戸川,一般,４６４　６３４　４６１,2026-03-02,2026-03-05,13,尼崎,一般,４３２２４　１４,2026-02-21,2026-02-25,07,蒲郡,一般,２　２２３６３３３１
202604220511,2026-04-22,05,11R,4512,高野 哲史,2026-04-08,2026-04-12,11,びわこ,一般,４１１４３１３２[６],2026-03-14,2026-03-19,13,尼崎,ＧⅠ,５　１１５　３４６１４３,2026-03-02,2026-03-07,16,児島,ＧⅠ,３　６１６　３３５２５,2026-02-17,2026-02-21,10,三国,一般,２３２２２４４２[４],2026-02-04,2026-02-09,12,住之江,ＧⅠ,６　１５５　１６４６４,4520,高倉 孝太,2026-03-29,2026-04-03,06,浜名湖,一般,５５３　６１５　１　２１,2026-03-19,2026-03-24,02,戸田,一般,４５１　４６３　２３６,2026-03-11,2026-03-16,16,児島,一般,２　４１２　４１４２[２],2026-02-25,2026-02-28,13,尼崎,一般,５３１　１２[６],2026-02-10,2026-02-16,07,蒲郡,一般,３　５４３　４４１２６　１２,3874,山本 寛久,2026-04-05,2026-04-10,10,三国,一般,１２５　２３３２２２[４],2026-03-26,2026-03-31,21,芦屋,ＧⅢ,４２３４３１１　１５３３,2026-03-12,2026-03-17,06,浜名湖,一般,１２４　２３５６１６６５,2026-02-28,2026-03-06,07,蒲郡,一般,５６１　１２１１４３４４１４,2026-02-18,2026-02-24,03,江戸川,ＧⅠ,６　６　４１６　１６５,4989,石原 翼,2026-04-03,2026-04-07,21,芦屋,一般,６１２　２６４３４２,2026-03-17,2026-03-22,23,からつ,ＧⅡ,１　４　２４６２５　１５,2026-03-08,2026-03-11,13,尼崎,一般,１４４３１　６１,2026-02-28,2026-03-03,03,江戸川,一般,３　５１１２５１,2026-02-17,2026-02-21,10,三国,一般,５４,4508,野間 大樹,2026-03-10,2026-03-15,22,福岡,一般,３３２　１３６３３２[５],2026-02-05,2026-02-10,01,桐生,一般,３１１　３３６　２３１２,2026-01-25,2026-01-30,11,びわこ,一般,３４２　２２６５Ｆ　６,2026-01-14,2026-01-19,07,蒲郡,ＧⅢ,３　４３５　３４２　５３,2026-01-02,2026-01-07,12,住之江,一般,２　２３２　５６１５２６,4411,沢田 昭宏,2026-04-04,2026-04-09,16,児島,一般,２　４２４３２４１２[４],2026-03-20,2026-03-25,06,浜名湖,ＧⅢ,３３６　２２１５１６３４,2026-03-10,2026-03-15,22,福岡,一般,２６３５２　３６１　２３,2026-03-02,2026-03-05,13,尼崎,一般,４　１５１４５３,2026-02-20,2026-02-25,17,宮島,一般,２　１４４　４２３２[５]
202604220512,2026-04-22,05,12R,4828,松山 将吾,2026-04-05,2026-04-11,07,蒲郡,一般,３　３５３１５１２　４３２１,2026-03-26,2026-03-31,21,芦屋,ＧⅢ,５　１３３２１１４１[２],2026-03-12,2026-03-17,06,浜名湖,一般,１　２１１３３２１１[１],2026-02-18,2026-02-24,03,江戸川,ＧⅠ,２３４　２４５　４４３,2026-02-04,2026-02-09,12,住之江,ＧⅠ,６　６　２６,4055,吉田 俊彦,2026-04-06,2026-04-10,08,常滑,一般,３１３４６１１４４２,2026-03-26,2026-03-31,19,下関,一般,２３４１３２１　６　[２],2026-03-14,2026-03-19,13,尼崎,ＧⅠ,５　３４４　１４４６５,2026-03-01,2026-03-06,21,芦屋,一般,４３２１２　２２２２[５],2026-02-15,2026-02-19,23,からつ,一般,５３１２１　２４２１,4907,小池 修平,2026-04-03,2026-04-08,12,住之江,ＧⅠ,１３３　５６２　６５４,2026-03-24,2026-03-29,07,蒲郡,ＳＧ,４　６　３４６　３２４,2026-03-08,2026-03-13,24,大村,ＧⅠ,３４２　５　２転５,2026-03-02,2026-03-05,13,尼崎,一般,１６１１１１[１],2026-02-18,2026-02-24,03,江戸川,ＧⅠ,１　３　２５６　１２６５,3905,天野 友和,2026-04-08,2026-04-12,11,びわこ,一般,２１４３２　２５４４,2026-03-26,2026-03-31,19,下関,一般,５２２４２　２１３　４２,2026-03-08,2026-03-13,08,常滑,一般,２　１１２　２６１２[２],2026-02-23,2026-02-27,16,児島,一般,４６４　３５５１５,2026-02-10,2026-02-16,07,蒲郡,一般,２　２３２５３２３　１４１２,5111,三村 岳人,2026-03-24,2026-03-29,09,津,一般,１　３５１　２６６３１２,2026-02-27,2026-03-05,18,徳山,一般,５２１　２５３６２２１２[３],2026-02-08,2026-02-11,23,からつ,一般,２　１３２３６３,2026-01-18,2026-01-21,19,下関,一般,５　３４１　２１,2026-01-06,2026-01-11,16,児島,一般,　　　　　　　　　　３２,3656,伯母 芳恒,2026-03-20,2026-03-25,06,浜名湖,ＧⅢ,５　３４６２４　２２２５,2026-03-06,2026-03-12,01,桐生,一般,３　１　３５６　４２３３１,2026-02-15,2026-02-19,23,からつ,一般,４１４　１６４３４６,2026-01-27,2026-02-01,21,芦屋,一般,５３,2026-01-17,2026-01-20,13,尼崎,一般,４５４　３６２
202604220601,2026-04-22,06,01R,5120,山本 稔太朗,2026-04-03,2026-04-07,17,宮島,一般,３　２４５　５５３２,2026-03-11,2026-03-16,05,多摩川,一般,４　２５１２５　１３６３,2026-02-28,2026-03-03,03,江戸川,一般,５４２　６２５２,2026-02-10,2026-02-16,07,蒲郡,一般,１　５６１　５３４６欠,2026-01-18,2026-01-22,20,若松,一般,１エ６２５　４　２２,4368,山口 隆史,2026-03-27,2026-03-31,13,尼崎,一般,５　３　４５２６５５,2026-03-18,2026-03-21,04,平和島,一般,１　４６６３５,2026-03-01,2026-03-06,21,芦屋,一般,３２３　４６５　５１４５,2026-02-15,2026-02-20,16,児島,一般,６　５６６　１４５　５２,2026-02-04,2026-02-09,11,びわこ,一般,３　５５４　４５６　２５,3591,後藤 孝義,2026-03-28,2026-04-03,08,常滑,一般,６３６　４　４４５　２１,2026-03-11,2026-03-16,05,多摩川,一般,３　６５６　４５５　４５,2026-02-22,2026-02-27,11,びわこ,一般,４　６６１　５６４５５,2026-01-31,2026-02-03,10,三国,一般,４　５５６　６５,2026-01-18,2026-01-21,19,下関,一般,６　３６６　１６,5277,井上 未都,2026-04-01,2026-04-06,22,福岡,一般,１５６　３２２　２５２５,2026-03-23,2026-03-27,12,住之江,一般,１　３３２５４４１５,2026-03-11,2026-03-16,16,児島,一般,３４２　３１３　２３３２,2026-02-24,2026-03-01,14,鳴門,ＧⅠ,４　６　３６５　３６１,2026-02-12,2026-02-17,04,平和島,ＧⅢ,３　１１３３６　１３[４],4998,中村 かなえ,2026-03-27,2026-03-31,13,尼崎,一般,２　６　６３１５３４,2026-03-12,2026-03-17,21,芦屋,一般,６　２６６　６４５　５４,2026-02-12,2026-02-17,04,平和島,ＧⅢ,５　２６４　４１３　５１,2024-06-25,2024-06-30,23,からつ,一般,６２４　５６３,2024-06-08,2024-06-11,02,戸田,一般,６３６　３４１５,3202,三品 隆浩,2026-03-24,2026-03-29,09,津,一般,６　５５１　４４５　５,2026-03-06,2026-03-12,01,桐生,一般,４　５　　　４６６５６２３５,2026-02-22,2026-02-27,05,多摩川,一般,１４４　４４６　５６２,2026-02-08,2026-02-12,03,江戸川,一般,４　１４４　２２３２,2026-01-29,2026-02-01,04,平和島,一般,３　２４２４２５
202604220602,2026-04-22,06,02R,5290,坂本 一真,2026-03-25,2026-03-30,04,平和島,一般,２６５　４４６　４　５１,2026-03-08,2026-03-13,08,常滑,一般,４　６２　　５６１　５２,2026-02-26,2026-03-03,24,大村,一般,４　６５６６５　５　３３,2026-02-10,2026-02-14,15,丸亀,一般,６　４６２　１６４６,2026-01-31,2026-02-05,07,蒲郡,一般,６　２６５　４６４　６４,4396,大田 直弥,2026-04-08,2026-04-12,11,びわこ,一般,５　３５１２１５２６,2026-03-26,2026-03-31,19,下関,一般,２５１　３３転５２　２３,2026-03-12,2026-03-17,07,蒲郡,一般,６　６３,2026-03-02,2026-03-05,15,丸亀,一般,４５５１４　４３,2026-02-20,2026-02-25,17,宮島,一般,４３６５４　５５５　５,4318,桑原 将光,2026-03-28,2026-03-31,05,多摩川,一般,１５３６２　２３,2026-03-18,2026-03-21,04,平和島,一般,３　３２３３３３,2026-03-04,2026-03-09,12,住之江,一般,６６４　６５３　２　４,2026-02-12,2026-02-17,17,宮島,一般,１５２　４６１３２５１２,2026-01-21,2026-01-25,01,桐生,一般,２　２エ４６１　３２,4703,森永 隆,2026-04-07,2026-04-13,24,大村,一般,２　４３２　６５１６２　１,2026-03-18,2026-03-23,14,鳴門,一般,５５２３１６４　１４２２,2026-03-04,2026-03-09,12,住之江,一般,２　３２３　３４３１[２],2026-02-21,2026-02-25,07,蒲郡,一般,１４４２３　２　１２,2026-01-17,2026-01-20,13,尼崎,一般,２４４　４４３３,4815,伏島 祐介,2026-04-07,2026-04-13,24,大村,一般,６５３　１　５６５６６　４,2026-03-27,2026-03-31,13,尼崎,一般,４　３４５５２　Ｆ４,2026-03-10,2026-03-15,22,福岡,一般,３５２Ｆ５　転　５　６,2026-02-26,2026-03-02,08,常滑,一般,１６４４５　３　１４,2026-02-14,2026-02-18,01,桐生,一般,２　６３３１２２[転],4988,牟田 奨太,2026-04-01,2026-04-06,01,桐生,一般,１５６６５　６　６５２,2026-03-19,2026-03-25,15,丸亀,一般,２２１　１５１　６１６１[４],2026-03-02,2026-03-06,04,平和島,一般,２６６　３　１　３４,2026-02-19,2026-02-23,24,大村,一般,５　４４２５２　２６,2026-02-10,2026-02-15,06,浜名湖,一般,６　６６６２２　５　１５
202604220603,2026-04-22,06,03R,5230,石原 凪紗,2026-04-05,2026-04-11,07,蒲郡,一般,１５２　５６４　１６６　３２,2026-03-28,2026-04-02,02,戸田,一般,５　４４２　６４６　２,2026-03-18,2026-03-23,08,常滑,一般,２２６　２２４　１６２３,2026-03-06,2026-03-11,17,宮島,一般,５６５　６４６　４６６５,2026-02-18,2026-02-23,22,福岡,一般,１　２４５５４　３２３４,4714,喜多須 杏奈,2026-04-08,2026-04-13,23,からつ,ＧⅢ,２３　　１４３　４５２３,2026-03-27,2026-03-31,16,児島,一般,３４３　３６５　６４,2026-02-18,2026-02-23,22,福岡,一般,５　３６１　４２５３２２,2026-01-31,2026-02-05,14,鳴門,ＧⅠ,３　３　６３２　２３３４,2026-01-18,2026-01-22,08,常滑,一般,３Ｆ６　４　５　３,4430,永田 秀二,2026-04-05,2026-04-10,10,三国,一般,３４１　３２３４１６２３,2026-03-23,2026-03-27,12,住之江,一般,５　２５５６１　３,2026-03-11,2026-03-16,05,多摩川,一般,３　３６４６４２２　１,2026-02-28,2026-03-05,22,福岡,一般,４３１４１　２４３４３５,2026-02-12,2026-02-17,17,宮島,一般,１５１４１１１　２２[３],4723,寺島 吉彦,2026-03-28,2026-04-02,02,戸田,一般,２５２　２　１１３６６６,2026-03-10,2026-03-15,20,若松,ＧⅢ,６　６５２　６１６　６６,2026-02-22,2026-02-28,12,住之江,一般,２　３　１４４　４４５４６６,2026-02-04,2026-02-07,04,平和島,一般,１１４　２１[４],2026-01-17,2026-01-21,18,徳山,一般,４　６６３　２５１３,3619,長谷川 充,2026-03-28,2026-04-02,02,戸田,一般,２３３　４３５　２　２４,2026-03-11,2026-03-16,05,多摩川,一般,５３５　６４６　３　２２,2026-02-28,2026-03-03,03,江戸川,一般,１６１　４５２２,2026-02-15,2026-02-19,23,からつ,一般,５　４２５４５　５５,2026-01-26,2026-01-29,09,津,一般,４１２３４　４３,4850,野中 一平,2026-04-03,2026-04-08,12,住之江,ＧⅠ,４　２　６２５　５６６６,2026-03-17,2026-03-22,23,からつ,ＧⅡ,５６４　１１５　２３５,2026-03-08,2026-03-13,24,大村,ＧⅠ,２　４３１　５　６４５４,2026-02-20,2026-02-25,17,宮島,一般,１　２３４４３４１４１２,2026-02-05,2026-02-10,08,常滑,ＧⅠ,４　４４３　３　６５５
202604220604,2026-04-22,06,04R,4140,梶野 学志,2026-03-28,2026-04-03,08,常滑,一般,３６５４１　２３１３１２,2026-03-19,2026-03-23,19,下関,一般,５２２１６１２３２３,2026-03-09,2026-03-14,04,平和島,一般,６　１２１２４５３４２３,2026-02-22,2026-02-27,05,多摩川,一般,２５２１２５１　６４６２,2026-01-15,2026-01-20,06,浜名湖,一般,２　５４２２落２１２[５],4625,渡邊 裕貴,2026-04-01,2026-04-06,01,桐生,一般,２　４４２　２６６５６,2026-03-18,2026-03-23,08,常滑,一般,６５５　４　１１２１５３,2026-02-27,2026-03-05,18,徳山,一般,６４３　２４１　３１６４５４,2026-02-10,2026-02-16,07,蒲郡,一般,４　１３１　４２１２２５欠欠,2026-01-25,2026-01-29,05,多摩川,一般,１　５６４　３５５,3105,内山 文典,2026-03-28,2026-04-02,02,戸田,一般,１１１　１６３　３２[３],2026-03-16,2026-03-19,10,三国,一般,４　５１６６１６,2026-02-25,2026-02-28,13,尼崎,一般,５　３３２５３３,2026-02-04,2026-02-09,11,びわこ,一般,１　４３４３４４１５３５,2026-01-12,2026-01-17,01,桐生,一般,４５５　３　１４５　３５,4116,川田 正人,2026-04-05,2026-04-10,10,三国,一般,３５３　３１４６３　３,2026-03-19,2026-03-25,15,丸亀,一般,４４１　２３６　１５５　５４,2026-02-11,2026-02-14,14,鳴門,一般,４２３４６　３４,2026-01-20,2026-01-25,17,宮島,一般,３４２　２６２　１４４６,2026-01-01,2026-01-06,14,鳴門,一般,２　５５２２６Ｆ４　４,5041,荒牧 凪沙,2026-03-26,2026-03-31,17,宮島,一般,１６６　６１３　３　１４,2026-03-02,2026-03-05,13,尼崎,一般,６　４５４４３３,2026-01-21,2026-01-26,04,平和島,一般,５　３５１５４　２５４,2026-01-03,2026-01-08,22,福岡,一般,５　３４６　２６３　４１,2025-12-25,2025-12-30,12,住之江,一般,６　２２１　５４４　２４,3630,黒田 誠司,2026-03-22,2026-03-25,13,尼崎,一般,６６６　６　３５,2026-03-06,2026-03-12,01,桐生,一般,５　４４　　３５５　６１１４,2026-02-06,2026-02-11,10,三国,一般,５　２４４４２　６４,2026-01-21,2026-01-26,04,平和島,一般,６６６　３　３５６　６６,2026-01-10,2026-01-15,03,江戸川,一般,６４４４４
202604220605,2026-04-22,06,05R,5305,伊藤 栞,2026-03-28,2026-04-03,08,常滑,一般,３６６　６　６６４　６６,2026-03-11,2026-03-16,16,児島,一般,６　６６６　５６５　５６,2026-02-21,2026-02-26,21,芦屋,一般,５６６　２５４　６　５６,2026-02-10,2026-02-14,15,丸亀,一般,６　６６４５５　５５,2026-01-26,2026-01-29,09,津,一般,５４６,3951,石川 吉鎬,2026-04-05,2026-04-11,07,蒲郡,一般,１　４６２３４　４３３４４３,2026-03-23,2026-03-27,12,住之江,一般,４　６４３２３　４,2026-03-11,2026-03-16,16,児島,一般,４　２５３　３５１６１３,2026-02-02,2026-02-07,15,丸亀,一般,３４２２１　１転４６１４,2026-01-23,2026-01-26,19,下関,一般,４４５３４　不欠,4890,石川 諒,2026-03-27,2026-03-31,13,尼崎,一般,４６２　１３１５３３,2026-03-18,2026-03-23,20,若松,一般,５３５　１３４　４６１,2026-02-28,2026-03-05,22,福岡,一般,４４１３３　２５１５２４,2026-02-10,2026-02-14,19,下関,一般,１　３２６１５６１６,2026-01-18,2026-01-22,08,常滑,一般,１５１　３２３５１３,3912,川原 正明,2026-04-05,2026-04-11,07,蒲郡,一般,４３３　４３１　１５２５１５,2026-03-22,2026-03-27,22,福岡,一般,１５４５１　２６１　４６,2026-02-12,2026-02-16,18,徳山,一般,５３６　１５３２２２,2026-01-29,2026-02-03,13,尼崎,一般,３　５２６５１５４,2026-01-21,2026-01-25,01,桐生,一般,４３４　１１６２[５],4918,川島 拓郎,2026-03-28,2026-04-02,02,戸田,一般,２　３４２　５１６４３５,2026-03-18,2026-03-21,04,平和島,一般,１３２　３１２４,2026-03-01,2026-03-06,21,芦屋,一般,６４３　４３３６１　６,2026-02-15,2026-02-19,23,からつ,一般,６５３１転,2026-01-25,2026-01-29,05,多摩川,一般,３３６　１３１４６１,4516,野口 勝弘,2026-04-05,2026-04-11,07,蒲郡,一般,１　１２１　１３２１１１[４],2026-03-22,2026-03-27,22,福岡,一般,３２１４３　１４２　１１,2026-03-10,2026-03-15,20,若松,ＧⅢ,１５１５２　４５３５３３,2026-02-26,2026-03-02,08,常滑,一般,１３１３１３１２[３],2026-02-17,2026-02-21,10,三国,一般,２６１１４　不４１２
202604220606,2026-04-22,06,06R,4924,中北 涼,2026-04-10,2026-04-15,17,宮島,一般,４　４４４６５４６　６４,2026-03-24,2026-03-29,10,三国,ＧⅢ,３６６　４　４５２　５２,2026-03-14,2026-03-17,19,下関,一般,４　４５３　４４,2026-02-18,2026-02-23,22,福岡,一般,４３５　５５５　２　２３,2026-02-06,2026-02-11,16,児島,一般,１４１　２３２５４３４１,4232,笠 雅雄,2026-04-03,2026-04-07,21,芦屋,一般,１　５４１　１２[３],2026-03-26,2026-03-31,19,下関,一般,６　１５３５１２４　１,2026-02-27,2026-03-05,18,徳山,一般,１　６２２２１３６１５１１,2026-02-08,2026-02-12,03,江戸川,一般,４　３４２１２　６６,2026-01-21,2026-01-25,01,桐生,一般,６　１３４　６５４５,4791,黒澤 めぐみ,2026-04-08,2026-04-13,23,からつ,ＧⅢ,３　　　３２４６１５４５,2026-03-24,2026-03-29,10,三国,ＧⅢ,３３２３５　３６５　２６,2026-03-12,2026-03-15,14,鳴門,一般,５１４　１２４４,2026-02-28,2026-03-06,07,蒲郡,一般,３４６　４５４　３２転,2026-02-19,2026-02-23,18,徳山,一般,５　６１２５転　２５,4318,桑原 将光,2026-03-28,2026-03-31,05,多摩川,一般,１５３６２　２３,2026-03-18,2026-03-21,04,平和島,一般,３　３２３３３３,2026-03-04,2026-03-09,12,住之江,一般,６６４　６５３　２　４,2026-02-12,2026-02-17,17,宮島,一般,１５２　４６１３２５１２,2026-01-21,2026-01-25,01,桐生,一般,２　２エ４６１　３２,5338,香月 大輝,2026-03-25,2026-03-30,04,平和島,一般,５　１２５２３　２６２５,2026-03-07,2026-03-12,02,戸田,一般,６　３６３　５６２　Ｆ２,2026-02-28,2026-03-03,03,江戸川,一般,１　５４１４１３,2026-02-17,2026-02-22,13,尼崎,一般,３　５６４５１　６１３５,2026-02-08,2026-02-11,23,からつ,一般,　　　　６６６,4847,佐藤 隆太郎,2026-04-11,2026-04-14,04,平和島,一般,２１３２６３１１,2026-03-28,2026-04-02,02,戸田,一般,５３１　１１２１３５３２,2026-01-12,2026-01-17,21,芦屋,ＧⅠ,４　４　５４２　１１１４,2026-01-04,2026-01-09,04,平和島,一般,４２１２１　１３４３１１,2025-12-26,2025-12-31,05,多摩川,一般,４３３１５　３２３転５２
202604220607,2026-04-22,06,07R,4998,中村 かなえ,2026-03-27,2026-03-31,13,尼崎,一般,２　６　６３１５３４,2026-03-12,2026-03-17,21,芦屋,一般,６　２６６　６４５　５４,2026-02-12,2026-02-17,04,平和島,ＧⅢ,５　２６４　４１３　５１,2024-06-25,2024-06-30,23,からつ,一般,６２４　５６３,2024-06-08,2024-06-11,02,戸田,一般,６３６　３４１５,4424,松尾 昂明,2026-04-05,2026-04-10,02,戸田,一般,４　４１２５５２１６２５,2026-03-22,2026-03-25,13,尼崎,一般,２６１　１３６１,2026-03-10,2026-03-15,22,福岡,一般,１　３５４１４２１３１１,2026-02-24,2026-03-01,01,桐生,一般,１　６４３２４６１　１３,2026-02-12,2026-02-16,18,徳山,一般,４６１５２２２６１３,3619,長谷川 充,2026-03-28,2026-04-02,02,戸田,一般,２３３　４３５　２　２４,2026-03-11,2026-03-16,05,多摩川,一般,５３５　６４６　３　２２,2026-02-28,2026-03-03,03,江戸川,一般,１６１　４５２２,2026-02-15,2026-02-19,23,からつ,一般,５　４２５４５　５５,2026-01-26,2026-01-29,09,津,一般,４１２３４　４３,4396,大田 直弥,2026-04-08,2026-04-12,11,びわこ,一般,５　３５１２１５２６,2026-03-26,2026-03-31,19,下関,一般,２５１　３３転５２　２３,2026-03-12,2026-03-17,07,蒲郡,一般,６　６３,2026-03-02,2026-03-05,15,丸亀,一般,４５５１４　４３,2026-02-20,2026-02-25,17,宮島,一般,４３６５４　５５５　５,5120,山本 稔太朗,2026-04-03,2026-04-07,17,宮島,一般,３　２４５　５５３２,2026-03-11,2026-03-16,05,多摩川,一般,４　２５１２５　１３６３,2026-02-28,2026-03-03,03,江戸川,一般,５４２　６２５２,2026-02-10,2026-02-16,07,蒲郡,一般,１　５６１　５３４６欠,2026-01-18,2026-01-22,20,若松,一般,１エ６２５　４　２２,4815,伏島 祐介,2026-04-07,2026-04-13,24,大村,一般,６５３　１　５６５６６　４,2026-03-27,2026-03-31,13,尼崎,一般,４　３４５５２　Ｆ４,2026-03-10,2026-03-15,22,福岡,一般,３５２Ｆ５　転　５　６,2026-02-26,2026-03-02,08,常滑,一般,１６４４５　３　１４,2026-02-14,2026-02-18,01,桐生,一般,２　６３３１２２[転]
202604220608,2026-04-22,06,08R,4640,山ノ内 雅人,2026-04-04,2026-04-09,16,児島,一般,４　４２１３３６２　４１,2026-03-19,2026-03-25,15,丸亀,一般,２　３２２２５５４５１５５３,2026-03-08,2026-03-13,08,常滑,一般,２６５３　　２４４　４１,2026-02-22,2026-02-27,11,びわこ,一般,３　３２３４１３１３１１,2026-02-10,2026-02-15,06,浜名湖,一般,３６１　４１５　３５２５,4116,川田 正人,2026-04-05,2026-04-10,10,三国,一般,３５３　３１４６３　３,2026-03-19,2026-03-25,15,丸亀,一般,４４１　２３６　１５５　５４,2026-02-11,2026-02-14,14,鳴門,一般,４２３４６　３４,2026-01-20,2026-01-25,17,宮島,一般,３４２　２６２　１４４６,2026-01-01,2026-01-06,14,鳴門,一般,２　５５２２６Ｆ４　４,5277,井上 未都,2026-04-01,2026-04-06,22,福岡,一般,１５６　３２２　２５２５,2026-03-23,2026-03-27,12,住之江,一般,１　３３２５４４１５,2026-03-11,2026-03-16,16,児島,一般,３４２　３１３　２３３２,2026-02-24,2026-03-01,14,鳴門,ＧⅠ,４　６　３６５　３６１,2026-02-12,2026-02-17,04,平和島,ＧⅢ,３　１１３３６　１３[４],4430,永田 秀二,2026-04-05,2026-04-10,10,三国,一般,３４１　３２３４１６２３,2026-03-23,2026-03-27,12,住之江,一般,５　２５５６１　３,2026-03-11,2026-03-16,05,多摩川,一般,３　３６４６４２２　１,2026-02-28,2026-03-05,22,福岡,一般,４３１４１　２４３４３５,2026-02-12,2026-02-17,17,宮島,一般,１５１４１１１　２２[３],5290,坂本 一真,2026-03-25,2026-03-30,04,平和島,一般,２６５　４４６　４　５１,2026-03-08,2026-03-13,08,常滑,一般,４　６２　　５６１　５２,2026-02-26,2026-03-03,24,大村,一般,４　６５６６５　５　３３,2026-02-10,2026-02-14,15,丸亀,一般,６　４６２　１６４６,2026-01-31,2026-02-05,07,蒲郡,一般,６　２６５　４６４　６４,3591,後藤 孝義,2026-03-28,2026-04-03,08,常滑,一般,６３６　４　４４５　２１,2026-03-11,2026-03-16,05,多摩川,一般,３　６５６　４５５　４５,2026-02-22,2026-02-27,11,びわこ,一般,４　６６１　５６４５５,2026-01-31,2026-02-03,10,三国,一般,４　５５６　６５,2026-01-18,2026-01-21,19,下関,一般,６　３６６　１６
202604220609,2026-04-22,06,09R,3912,川原 正明,2026-04-05,2026-04-11,07,蒲郡,一般,４３３　４３１　１５２５１５,2026-03-22,2026-03-27,22,福岡,一般,１５４５１　２６１　４６,2026-02-12,2026-02-16,18,徳山,一般,５３６　１５３２２２,2026-01-29,2026-02-03,13,尼崎,一般,３　５２６５１５４,2026-01-21,2026-01-25,01,桐生,一般,４３４　１１６２[５],3105,内山 文典,2026-03-28,2026-04-02,02,戸田,一般,１１１　１６３　３２[３],2026-03-16,2026-03-19,10,三国,一般,４　５１６６１６,2026-02-25,2026-02-28,13,尼崎,一般,５　３３２５３３,2026-02-04,2026-02-09,11,びわこ,一般,１　４３４３４４１５３５,2026-01-12,2026-01-17,01,桐生,一般,４５５　３　１４５　３５,5041,荒牧 凪沙,2026-03-26,2026-03-31,17,宮島,一般,１６６　６１３　３　１４,2026-03-02,2026-03-05,13,尼崎,一般,６　４５４４３３,2026-01-21,2026-01-26,04,平和島,一般,５　３５１５４　２５４,2026-01-03,2026-01-08,22,福岡,一般,５　３４６　２６３　４１,2025-12-25,2025-12-30,12,住之江,一般,６　２２１　５４４　２４,4368,山口 隆史,2026-03-27,2026-03-31,13,尼崎,一般,５　３　４５２６５５,2026-03-18,2026-03-21,04,平和島,一般,１　４６６３５,2026-03-01,2026-03-06,21,芦屋,一般,３２３　４６５　５１４５,2026-02-15,2026-02-20,16,児島,一般,６　５６６　１４５　５２,2026-02-04,2026-02-09,11,びわこ,一般,３　５５４　４５６　２５,3951,石川 吉鎬,2026-04-05,2026-04-11,07,蒲郡,一般,１　４６２３４　４３３４４３,2026-03-23,2026-03-27,12,住之江,一般,４　６４３２３　４,2026-03-11,2026-03-16,16,児島,一般,４　２５３　３５１６１３,2026-02-02,2026-02-07,15,丸亀,一般,３４２２１　１転４６１４,2026-01-23,2026-01-26,19,下関,一般,４４５３４　不欠,4723,寺島 吉彦,2026-03-28,2026-04-02,02,戸田,一般,２５２　２　１１３６６６,2026-03-10,2026-03-15,20,若松,ＧⅢ,６　６５２　６１６　６６,2026-02-22,2026-02-28,12,住之江,一般,２　３　１４４　４４５４６６,2026-02-04,2026-02-07,04,平和島,一般,１１４　２１[４],2026-01-17,2026-01-21,18,徳山,一般,４　６６３　２５１３
202604220610,2026-04-22,06,10R,4850,野中 一平,2026-04-03,2026-04-08,12,住之江,ＧⅠ,４　２　６２５　５６６６,2026-03-17,2026-03-22,23,からつ,ＧⅡ,５６４　１１５　２３５,2026-03-08,2026-03-13,24,大村,ＧⅠ,２　４３１　５　６４５４,2026-02-20,2026-02-25,17,宮島,一般,１　２３４４３４１４１２,2026-02-05,2026-02-10,08,常滑,ＧⅠ,４　４４３　３　６５５,4703,森永 隆,2026-04-07,2026-04-13,24,大村,一般,２　４３２　６５１６２　１,2026-03-18,2026-03-23,14,鳴門,一般,５５２３１６４　１４２２,2026-03-04,2026-03-09,12,住之江,一般,２　３２３　３４３１[２],2026-02-21,2026-02-25,07,蒲郡,一般,１４４２３　２　１２,2026-01-17,2026-01-20,13,尼崎,一般,２４４　４４３３,4232,笠 雅雄,2026-04-03,2026-04-07,21,芦屋,一般,１　５４１　１２[３],2026-03-26,2026-03-31,19,下関,一般,６　１５３５１２４　１,2026-02-27,2026-03-05,18,徳山,一般,１　６２２２１３６１５１１,2026-02-08,2026-02-12,03,江戸川,一般,４　３４２１２　６６,2026-01-21,2026-01-25,01,桐生,一般,６　１３４　６５４５,4791,黒澤 めぐみ,2026-04-08,2026-04-13,23,からつ,ＧⅢ,３　　　３２４６１５４５,2026-03-24,2026-03-29,10,三国,ＧⅢ,３３２３５　３６５　２６,2026-03-12,2026-03-15,14,鳴門,一般,５１４　１２４４,2026-02-28,2026-03-06,07,蒲郡,一般,３４６　４５４　３２転,2026-02-19,2026-02-23,18,徳山,一般,５　６１２５転　２５,4625,渡邊 裕貴,2026-04-01,2026-04-06,01,桐生,一般,２　４４２　２６６５６,2026-03-18,2026-03-23,08,常滑,一般,６５５　４　１１２１５３,2026-02-27,2026-03-05,18,徳山,一般,６４３　２４１　３１６４５４,2026-02-10,2026-02-16,07,蒲郡,一般,４　１３１　４２１２２５欠欠,2026-01-25,2026-01-29,05,多摩川,一般,１　５６４　３５５,4714,喜多須 杏奈,2026-04-08,2026-04-13,23,からつ,ＧⅢ,２３　　１４３　４５２３,2026-03-27,2026-03-31,16,児島,一般,３４３　３６５　６４,2026-02-18,2026-02-23,22,福岡,一般,５　３６１　４２５３２２,2026-01-31,2026-02-05,14,鳴門,ＧⅠ,３　３　６３２　２３３４,2026-01-18,2026-01-22,08,常滑,一般,３Ｆ６　４　５　３
202604220611,2026-04-22,06,11R,4847,佐藤 隆太郎,2026-04-11,2026-04-14,04,平和島,一般,２１３２６３１１,2026-03-28,2026-04-02,02,戸田,一般,５３１　１１２１３５３２,2026-01-12,2026-01-17,21,芦屋,ＧⅠ,４　４　５４２　１１１４,2026-01-04,2026-01-09,04,平和島,一般,４２１２１　１３４３１１,2025-12-26,2025-12-31,05,多摩川,一般,４３３１５　３２３転５２,4890,石川 諒,2026-03-27,2026-03-31,13,尼崎,一般,４６２　１３１５３３,2026-03-18,2026-03-23,20,若松,一般,５３５　１３４　４６１,2026-02-28,2026-03-05,22,福岡,一般,４４１３３　２５１５２４,2026-02-10,2026-02-14,19,下関,一般,１　３２６１５６１６,2026-01-18,2026-01-22,08,常滑,一般,１５１　３２３５１３,4988,牟田 奨太,2026-04-01,2026-04-06,01,桐生,一般,１５６６５　６　６５２,2026-03-19,2026-03-25,15,丸亀,一般,２２１　１５１　６１６１[４],2026-03-02,2026-03-06,04,平和島,一般,２６６　３　１　３４,2026-02-19,2026-02-23,24,大村,一般,５　４４２５２　２６,2026-02-10,2026-02-15,06,浜名湖,一般,６　６６６２２　５　１５,4424,松尾 昂明,2026-04-05,2026-04-10,02,戸田,一般,４　４１２５５２１６２５,2026-03-22,2026-03-25,13,尼崎,一般,２６１　１３６１,2026-03-10,2026-03-15,22,福岡,一般,１　３５４１４２１３１１,2026-02-24,2026-03-01,01,桐生,一般,１　６４３２４６１　１３,2026-02-12,2026-02-16,18,徳山,一般,４６１５２２２６１３,4140,梶野 学志,2026-03-28,2026-04-03,08,常滑,一般,３６５４１　２３１３１２,2026-03-19,2026-03-23,19,下関,一般,５２２１６１２３２３,2026-03-09,2026-03-14,04,平和島,一般,６　１２１２４５３４２３,2026-02-22,2026-02-27,05,多摩川,一般,２５２１２５１　６４６２,2026-01-15,2026-01-20,06,浜名湖,一般,２　５４２２落２１２[５],4640,山ノ内 雅人,2026-04-04,2026-04-09,16,児島,一般,４　４２１３３６２　４１,2026-03-19,2026-03-25,15,丸亀,一般,２　３２２２５５４５１５５３,2026-03-08,2026-03-13,08,常滑,一般,２６５３　　２４４　４１,2026-02-22,2026-02-27,11,びわこ,一般,３　３２３４１３１３１１,2026-02-10,2026-02-15,06,浜名湖,一般,３６１　４１５　３５２５
202604220612,2026-04-22,06,12R,4073,大橋 純一郎,2026-04-08,2026-04-12,11,びわこ,一般,４　４１３３１６４５,2026-03-28,2026-03-31,05,多摩川,一般,１５１５２　６５,2026-03-12,2026-03-17,07,蒲郡,一般,１　３４３６１　１４４２,2026-03-02,2026-03-05,15,丸亀,一般,２５１４１２[５],2026-02-21,2026-02-26,04,平和島,一般,２２２１２６２　３２[５],4486,野村 誠,2026-04-12,2026-04-17,01,桐生,ＧⅠ,　　　　　　　　４６６,2026-04-05,2026-04-10,02,戸田,一般,　　　　　　　　　　６１,2026-04-01,2026-04-06,01,桐生,一般,３２２　２２２４１５６５,2026-03-10,2026-03-15,22,福岡,一般,４３６　５２２　４１４２,2026-02-25,2026-03-02,19,下関,ＧⅢ,６４６　３３２３４６４,4209,藤田 竜弘,2026-03-30,2026-04-04,15,丸亀,一般,２６１　２３１　２５４５,2026-03-18,2026-03-21,04,平和島,一般,６　３３３６５,2026-03-04,2026-03-09,12,住之江,一般,６４３　３５６　５　５,2026-02-25,2026-03-01,02,戸田,一般,４　６５３４３　２,2026-02-14,2026-02-18,08,常滑,一般,１１３　３２４１[６],4184,渡邊 雄一郎,2026-04-05,2026-04-10,10,三国,一般,１５３１１１２　５３１２,2026-03-18,2026-03-23,14,鳴門,一般,１４３２４３３　１３２３,2026-02-20,2026-02-25,17,宮島,一般,４３１４２１２　４２[４],2026-02-11,2026-02-16,21,芦屋,一般,１　４３１３３１２４４２,2026-01-29,2026-02-03,13,尼崎,一般,１２２１１　３１３５２４,4359,横川 聖志,2026-04-07,2026-04-13,24,大村,一般,４６５　２　４１１　４２６,2026-03-27,2026-03-31,13,尼崎,一般,３３２　３４２４１５,2026-03-16,2026-03-19,10,三国,一般,４５６４２　４４,2026-02-23,2026-02-28,23,からつ,一般,４　１２１５３　１３５２,2026-02-12,2026-02-16,18,徳山,一般,２６６５,4357,田中 和也,2026-04-05,2026-04-10,10,三国,一般,１６１１３　１１１２[３],2026-03-22,2026-03-27,22,福岡,一般,１　２１４４２３１２[５],2026-03-09,2026-03-14,04,平和島,一般,２２２１エ,2026-02-22,2026-02-28,12,住之江,一般,２２２１２　１　２６２１[１],2026-02-12,2026-02-16,18,徳山,一般,３２４１３５２３１２
202604221101,2026-04-22,11,01R,3156,金子 良昭,2026-04-03,2026-04-08,04,平和島,一般,３６２　５５３　２　５４,2026-03-19,2026-03-24,02,戸田,一般,４　５６６　５５６　２,2026-03-02,2026-03-05,13,尼崎,一般,６　４５１３４４,2026-02-14,2026-02-18,01,桐生,一般,５　３４６　３２３５,2026-01-31,2026-02-03,10,三国,一般,４　４２２２４５,5010,宇留田 翔平,2026-04-05,2026-04-10,02,戸田,一般,１１３　２６転５３６１６,2026-03-20,2026-03-25,06,浜名湖,ＧⅢ,３４５６５　１　５６２１,2026-03-09,2026-03-14,04,平和島,一般,５１６　５６２６２３２１,2026-02-26,2026-03-02,08,常滑,一般,１５２６２５２　１,2026-02-17,2026-02-22,13,尼崎,一般,４　５２３３４４５　３１,4871,菊池 宏志,2026-04-05,2026-04-11,07,蒲郡,一般,５４５　３３２　４３６　１４,2026-03-18,2026-03-22,24,大村,一般,２　６３６　５６５,2026-03-07,2026-03-10,03,江戸川,一般,２１１　１４[３],2026-02-25,2026-03-02,19,下関,ＧⅢ,１６４　６４４５１　６２,2026-01-25,2026-01-30,18,徳山,一般,３３６　６５３　４　５２,4407,鹿島 敏弘,2026-04-03,2026-04-07,21,芦屋,一般,３３１　１５３５４２,2026-03-19,2026-03-24,16,児島,一般,４２３　５３４　１２１３,2026-03-07,2026-03-10,03,江戸川,一般,２　３６２　１３,2026-02-22,2026-02-27,05,多摩川,一般,４６４　４３４２２　４４,2026-02-10,2026-02-15,06,浜名湖,一般,１　２６４６５　２４６,4111,奥田 誠,2026-04-06,2026-04-10,08,常滑,一般,１　６４２５６　３２,2026-03-18,2026-03-23,14,鳴門,一般,４１５　２２１３６１[３],2026-03-06,2026-03-11,17,宮島,一般,３５２　４１４　１３１妨,2026-02-19,2026-02-24,06,浜名湖,一般,３　５２４１２６５２[５],2026-02-08,2026-02-11,23,からつ,一般,４５６　３　５４,5381,有山 望,2026-04-05,2026-04-10,02,戸田,一般,６　６５６　４２４　１５,2026-03-15,2026-03-20,03,江戸川,一般,６３４　３５６　６４６,2026-03-02,2026-03-05,15,丸亀,一般,５　５６４　４６,2026-02-21,2026-02-25,07,蒲郡,一般,６　５６６　４５３,2026-01-11,2026-01-17,14,鳴門,一般,５　４　６５２　４４３　５２
202604221102,2026-04-22,11,02R,5268,山本 幸也,2026-03-28,2026-04-03,08,常滑,一般,３　６５２　５２３１４５,2026-03-12,2026-03-17,06,浜名湖,一般,４５５　５５６　６５６４,2026-02-21,2026-02-26,21,芦屋,一般,５　２２２　６２１６１４,2026-01-11,2026-01-17,14,鳴門,一般,３　５　６５４　３５６　６３,2025-12-25,2025-12-30,22,福岡,一般,５　６４１　６６６　２６,3711,江本 真治,2026-04-07,2026-04-13,24,大村,一般,２　３６２　１２２３６３２１,2026-03-26,2026-03-31,21,芦屋,ＧⅢ,１　３６２３１４２４４３,2026-03-14,2026-03-17,19,下関,一般,１１３３１２[５],2026-03-02,2026-03-06,04,平和島,一般,３５２　３　３　２６,2026-02-21,2026-02-26,15,丸亀,一般,１　３４４４１１３３６１,4962,畑 竜生,2026-04-05,2026-04-10,10,三国,一般,６６５６４　１　１５１２,2026-03-20,2026-03-25,05,多摩川,一般,５２６　２３６　４　１１,2026-03-10,2026-03-15,22,福岡,一般,３５４４３　４４６　４１,2026-02-27,2026-03-05,18,徳山,一般,１３５６３３３　１５３６３４,2026-01-21,2026-01-26,04,平和島,一般,３１２４５　２４３３１４,3718,伊達 正利,2026-04-05,2026-04-10,10,三国,一般,４１４　４５４４１　４,2026-03-19,2026-03-24,02,戸田,一般,６６５　５　１６６　６,2026-03-02,2026-03-05,15,丸亀,一般,６６１　１３３,2026-02-19,2026-02-24,06,浜名湖,一般,１４３　５３１３１６３６,2026-01-29,2026-02-03,13,尼崎,一般,３　２５５　３４２４１６,5004,河野 主樹,2026-04-01,2026-04-06,01,桐生,一般,１５１３２　２５３３２１,2026-03-24,2026-03-29,09,津,一般,５　１３４　５３３２１４,2026-03-11,2026-03-16,05,多摩川,一般,２４１　２２６　２５６４,2026-02-25,2026-03-02,19,下関,ＧⅢ,４２４　１３６２４４１５,2026-02-10,2026-02-15,13,尼崎,一般,４５４　３２１　１５２１,5154,村松 栄太,2026-04-05,2026-04-11,07,蒲郡,一般,１　４６６　５５４３６　５,2026-03-18,2026-03-23,20,若松,一般,５　１５１　６６３　１５,2026-02-26,2026-03-03,24,大村,一般,５　２５３　１１３３２１,2026-02-17,2026-02-22,13,尼崎,一般,４１４　６５３５５　２２,2026-01-25,2026-01-30,11,びわこ,一般,５２４　４５１　４１４３
202604221103,2026-04-22,11,03R,5100,栗原 一馬,2026-04-05,2026-04-10,02,戸田,一般,５　５６１　５３６　５６,2026-03-18,2026-03-23,08,常滑,一般,３２５　１　２２５３４５,2026-02-15,2026-02-19,23,からつ,一般,３５４５５,2026-01-29,2026-02-01,04,平和島,一般,３　６５１　６６,2026-01-15,2026-01-20,06,浜名湖,一般,６　４６１　２４５転４,3967,鈴木 茂高,2026-04-05,2026-04-10,10,三国,一般,２　４５６５１　４２２,2026-03-18,2026-03-23,08,常滑,一般,３２５　５２１　１４３２,2026-02-11,2026-02-16,21,芦屋,一般,３　２４２４１　１転６４,2026-01-26,2026-01-29,09,津,一般,２４５４３　３２,2026-01-14,2026-01-19,07,蒲郡,ＧⅢ,２　２５４　５４５４１,5285,若林 麗,2026-04-09,2026-04-14,06,浜名湖,一般,５　３４４　６６６　５６,2026-03-16,2026-03-21,01,桐生,一般,Ｆ５６　６　６　６　５,2026-03-07,2026-03-10,03,江戸川,一般,１６５　４５５５,2026-02-26,2026-03-03,24,大村,一般,４　２２４　１６６　１５,2026-02-11,2026-02-14,14,鳴門,一般,５４６　６　１４,5075,中島 秀治,2026-04-10,2026-04-15,17,宮島,一般,３　４１３６５６４　３３,2026-03-28,2026-03-31,05,多摩川,一般,２１５２２　１５,2026-03-17,2026-03-22,23,からつ,ＧⅡ,５３５　３　１３２４５,2026-03-02,2026-03-05,13,尼崎,一般,４５４　２３２３,2026-02-19,2026-02-24,06,浜名湖,一般,４５６３５　５２５　１４,4106,坂井 康嗣,2026-04-03,2026-04-07,17,宮島,一般,６６６４３　３　２４,2026-03-18,2026-03-23,14,鳴門,一般,落６１　６３２　４３３６,2026-03-02,2026-03-05,13,尼崎,一般,６　６６６,2026-02-14,2026-02-18,01,桐生,一般,６　６５６　５　５,2026-01-31,2026-02-03,10,三国,一般,３　６２５６６,5378,鈴木 結平太,2026-03-28,2026-04-03,08,常滑,一般,５　４３６　２６６５５６,2026-03-20,2026-03-25,06,浜名湖,ＧⅢ,　　　　　　　　　　６６,2026-03-12,2026-03-17,07,蒲郡,一般,　　　　　　　　　　６６,2026-03-07,2026-03-11,10,三国,一般,６６６　６　５６６,2026-02-17,2026-02-22,13,尼崎,一般,６　４４落　４６６　５５
202604221104,2026-04-22,11,04R,5323,香川 陽太,2026-04-09,2026-04-14,06,浜名湖,一般,６　４２５　５２２　２５,2026-03-19,2026-03-24,02,戸田,一般,６　２５５　４２１　５２,2026-02-28,2026-03-03,03,江戸川,一般,３４６　４６１６,2026-02-15,2026-02-20,16,児島,一般,３４５　６６６　３　６５,2026-01-31,2026-02-03,10,三国,一般,２６３　４６３,4226,村田 浩司,2026-03-29,2026-04-03,06,浜名湖,一般,５３２　３３１　３６２６,2026-03-20,2026-03-25,18,徳山,一般,　　　　　　　　６　２６,2026-03-12,2026-03-17,21,芦屋,一般,４１６３３５５　１　２２,2026-02-25,2026-03-02,19,下関,ＧⅢ,５　２１５５６　６５１６,2026-02-03,2026-02-08,17,宮島,一般,４６３　５１６　４６２,5130,上野 拓馬,2026-04-06,2026-04-10,08,常滑,一般,５５５　４　５４３,2026-03-24,2026-03-29,09,津,一般,４４６　３３３　４　２４,2026-03-16,2026-03-19,10,三国,一般,５　３４５４３２,2026-03-02,2026-03-05,13,尼崎,一般,４　３４４６３３,2026-02-14,2026-02-18,01,桐生,一般,５　２６５１５　１４,3922,菅沼 佳昭,2026-04-03,2026-04-07,17,宮島,一般,３　２５５６４　５６,2026-03-18,2026-03-22,24,大村,一般,６　１４６５５　２,2026-03-01,2026-03-06,21,芦屋,一般,５　３６２　５５６　３４,2026-02-23,2026-02-27,16,児島,一般,３　６５５　３６１４,2026-02-10,2026-02-16,07,蒲郡,一般,２１２　５５５２５　５３３,4189,川上 剛,2026-04-12,2026-04-17,16,児島,一般,１４４　２　４３４６４３,2026-03-20,2026-03-25,18,徳山,一般,１３１６２　３１１３３６,2026-03-10,2026-03-15,20,若松,ＧⅢ,６３４　５１１４４３１,2026-02-28,2026-03-03,03,江戸川,一般,１５３　１１[６],2026-02-15,2026-02-19,23,からつ,一般,１　４５１１２１[４],4771,下寺 秀和,2026-04-07,2026-04-13,24,大村,一般,１５１　３５１１１　３２[２],2026-03-26,2026-03-31,17,宮島,一般,１２２　１１３１４１[１],2026-03-12,2026-03-17,06,浜名湖,一般,２６２１１６１２２２[２],2026-02-28,2026-03-05,22,福岡,一般,１５３１４６１　３２[６],2026-02-12,2026-02-16,18,徳山,一般,４２２６３１１３５１
202604221105,2026-04-22,11,05R,5152,丸山 祐也,2026-04-05,2026-04-10,10,三国,一般,３６５　５　４転４　４５,2026-03-16,2026-03-21,01,桐生,一般,３　４５２２４　２５２,2026-02-26,2026-03-03,24,大村,一般,４　２３５　転６４４５,2026-01-24,2026-01-27,06,浜名湖,一般,６６３　４４１５,2026-01-08,2026-01-14,15,丸亀,一般,５　４４４　２２６　５３,4871,菊池 宏志,2026-04-05,2026-04-11,07,蒲郡,一般,５４５　３３２　４３６　１４,2026-03-18,2026-03-22,24,大村,一般,２　６３６　５６５,2026-03-07,2026-03-10,03,江戸川,一般,２１１　１４[３],2026-02-25,2026-03-02,19,下関,ＧⅢ,１６４　６４４５１　６２,2026-01-25,2026-01-30,18,徳山,一般,３３６　６５３　４　５２,5179,藤本 元輝,2026-03-12,2026-03-17,07,蒲郡,一般,３４Ｆ　６　６　６　５,2026-02-28,2026-03-03,03,江戸川,一般,２　３６１４６６,2026-02-17,2026-02-22,13,尼崎,一般,３６エ　２２５２５　５６,2026-01-29,2026-02-01,01,桐生,一般,４６５１Ｆ　５,2026-01-18,2026-01-22,20,若松,一般,５　５６４６６　３６,3473,石川 真二,2026-04-10,2026-04-15,17,宮島,一般,６１３　５４２１２２３,2026-03-28,2026-04-02,24,大村,一般,２３１４３　４　２６２４,2026-03-18,2026-03-23,14,鳴門,一般,３３３２２　２１２６１５,2026-03-08,2026-03-13,08,常滑,一般,１６５　１　１１２１[５],2026-01-30,2026-02-04,23,からつ,ＧⅠ,６　５４６　４　３５６３,5084,末永 和也,2026-04-11,2026-04-16,22,福岡,ＧⅠ,５５２　２　３１４　３１,2026-04-02,2026-04-07,09,津,ＧⅠ,３　３４３５２　６　１５,2026-03-24,2026-03-29,07,蒲郡,ＳＧ,１　２１４４４　５　１２,2026-03-14,2026-03-19,13,尼崎,ＧⅠ,１２１　５６３　２　[４],2026-03-02,2026-03-07,16,児島,ＧⅠ,６　４５２　４２６１３,3848,川上 聡介,2026-04-10,2026-04-15,17,宮島,一般,１　３５４　６４４４５６,2026-03-28,2026-04-02,24,大村,一般,３　２２２　１３５５１５,2026-03-18,2026-03-21,04,平和島,一般,２２６５２　４５,2026-03-06,2026-03-12,01,桐生,一般,２５　　３　６４１１転５２６,2026-02-21,2026-02-26,15,丸亀,一般,６２５　６６５２３２５２
202604221106,2026-04-22,11,06R,5154,村松 栄太,2026-04-05,2026-04-11,07,蒲郡,一般,１　４６６　５５４３６　５,2026-03-18,2026-03-23,20,若松,一般,５　１５１　６６３　１５,2026-02-26,2026-03-03,24,大村,一般,５　２５３　１１３３２１,2026-02-17,2026-02-22,13,尼崎,一般,４１４　６５３５５　２２,2026-01-25,2026-01-30,11,びわこ,一般,５２４　４５１　４１４３,4407,鹿島 敏弘,2026-04-03,2026-04-07,21,芦屋,一般,３３１　１５３５４２,2026-03-19,2026-03-24,16,児島,一般,４２３　５３４　１２１３,2026-03-07,2026-03-10,03,江戸川,一般,２　３６２　１３,2026-02-22,2026-02-27,05,多摩川,一般,４６４　４３４２２　４４,2026-02-10,2026-02-15,06,浜名湖,一般,１　２６４６５　２４６,5092,篠原 晟弥,2026-04-09,2026-04-14,06,浜名湖,一般,１　３３２１５５１２[４],2026-03-28,2026-04-02,24,大村,一般,１１４　１３１　３１[１],2026-03-17,2026-03-22,23,からつ,ＧⅡ,５　４４５　５５６Ｆ４,2026-03-01,2026-03-06,21,芦屋,一般,２４１５４２１　５６１３,2026-02-17,2026-02-22,13,尼崎,一般,１１４２２２３　４５１１,3761,山本 光雄,2026-04-07,2026-04-13,24,大村,一般,４　５２１　５４６　４　２５,2026-03-26,2026-03-31,19,下関,一般,４　４１２３４　１　２５,2026-03-11,2026-03-16,16,児島,一般,２４４　２４２　１Ｆ５,2026-02-22,2026-02-27,11,びわこ,一般,３４１　２５３　１５４４,2026-02-12,2026-02-16,18,徳山,一般,２１６　５５１　４３,5091,為本 智也,2026-04-10,2026-04-15,17,宮島,一般,転４６１４　５１１３３,2026-03-27,2026-03-31,13,尼崎,一般,２３３　１２３２[２],2026-03-11,2026-03-16,05,多摩川,一般,４４１　４１６　３１４２,2026-01-31,2026-02-03,10,三国,一般,６４１　６１２１,2026-01-14,2026-01-19,07,蒲郡,ＧⅢ,３５１　１３４２１３５１,4824,松井 洪弥,2026-04-11,2026-04-16,22,福岡,ＧⅠ,５　６　１４６　６４４,2026-04-02,2026-04-07,09,津,ＧⅠ,４　６　５４６　６６６,2026-03-20,2026-03-25,06,浜名湖,ＧⅢ,１５１１３　５４２６１２,2026-03-08,2026-03-13,24,大村,ＧⅠ,４６３　１４６　５　３,2026-02-18,2026-02-24,03,江戸川,ＧⅠ,６　５２６　６　３６３６
202604221107,2026-04-22,11,07R,5266,石田 勇斗,2026-04-09,2026-04-14,06,浜名湖,一般,２５６　５　３３５　４２,2026-03-20,2026-03-25,18,徳山,一般,３３１　５３１　４２[３],2026-03-07,2026-03-12,02,戸田,一般,５４４　１５５　６　５４,2026-02-26,2026-03-03,24,大村,一般,３　３６６　４２３　２４,2026-02-14,2026-02-18,01,桐生,一般,２　２４４転５　６１,5114,小林 孝彰,2026-04-09,2026-04-14,06,浜名湖,一般,４　２１５　４１３３１３,2026-03-25,2026-03-30,04,平和島,一般,６　６２３５２３１１５,2026-03-16,2026-03-21,01,桐生,一般,２５６　４５５　２２１１,2026-02-26,2026-03-03,24,大村,一般,３　５２１　２４１５２６,2026-02-11,2026-02-14,14,鳴門,一般,６　３１３６３５,4111,奥田 誠,2026-04-06,2026-04-10,08,常滑,一般,１　６４２５６　３２,2026-03-18,2026-03-23,14,鳴門,一般,４１５　２２１３６１[３],2026-03-06,2026-03-11,17,宮島,一般,３５２　４１４　１３１妨,2026-02-19,2026-02-24,06,浜名湖,一般,３　５２４１２６５２[５],2026-02-08,2026-02-11,23,からつ,一般,４５６　３　５４,5268,山本 幸也,2026-03-28,2026-04-03,08,常滑,一般,３　６５２　５２３１４５,2026-03-12,2026-03-17,06,浜名湖,一般,４５５　５５６　６５６４,2026-02-21,2026-02-26,21,芦屋,一般,５　２２２　６２１６１４,2026-01-11,2026-01-17,14,鳴門,一般,３　５　６５４　３５６　６３,2025-12-25,2025-12-30,22,福岡,一般,５　６４１　６６６　２６,5378,鈴木 結平太,2026-03-28,2026-04-03,08,常滑,一般,５　４３６　２６６５５６,2026-03-20,2026-03-25,06,浜名湖,ＧⅢ,　　　　　　　　　　６６,2026-03-12,2026-03-17,07,蒲郡,一般,　　　　　　　　　　６６,2026-03-07,2026-03-11,10,三国,一般,６６６　６　５６６,2026-02-17,2026-02-22,13,尼崎,一般,６　４４落　４６６　５５,5432,安藤 瑠希,2026-04-09,2026-04-14,06,浜名湖,一般,１　２４６　４４５６５,2026-03-18,2026-03-21,04,平和島,一般,５　３１３　５６,2026-02-22,2026-02-28,12,住之江,一般,６　５　６６６　６６５　５６,2026-02-05,2026-02-10,01,桐生,一般,５　６４３　６５４　４６,2026-01-17,2026-01-20,13,尼崎,一般,６　６６３　６６
202604221108,2026-04-22,11,08R,4106,坂井 康嗣,2026-04-03,2026-04-07,17,宮島,一般,６６６４３　３　２４,2026-03-18,2026-03-23,14,鳴門,一般,落６１　６３２　４３３６,2026-03-02,2026-03-05,13,尼崎,一般,６　６６６,2026-02-14,2026-02-18,01,桐生,一般,６　６５６　５　５,2026-01-31,2026-02-03,10,三国,一般,３　６２５６６,3718,伊達 正利,2026-04-05,2026-04-10,10,三国,一般,４１４　４５４４１　４,2026-03-19,2026-03-24,02,戸田,一般,６６５　５　１６６　６,2026-03-02,2026-03-05,15,丸亀,一般,６６１　１３３,2026-02-19,2026-02-24,06,浜名湖,一般,１４３　５３１３１６３６,2026-01-29,2026-02-03,13,尼崎,一般,３　２５５　３４２４１６,4226,村田 浩司,2026-03-29,2026-04-03,06,浜名湖,一般,５３２　３３１　３６２６,2026-03-20,2026-03-25,18,徳山,一般,　　　　　　　　６　２６,2026-03-12,2026-03-17,21,芦屋,一般,４１６３３５５　１　２２,2026-02-25,2026-03-02,19,下関,ＧⅢ,５　２１５５６　６５１６,2026-02-03,2026-02-08,17,宮島,一般,４６３　５１６　４６２,4262,馬場 貴也,2026-04-12,2026-04-17,01,桐生,ＧⅠ,１　１３１１５　３　４４,2026-04-03,2026-04-08,12,住之江,ＧⅠ,３　１４３　６３５　１３,2026-03-24,2026-03-29,07,蒲郡,ＳＧ,２６１　１　３５４　２,2026-03-08,2026-03-13,24,大村,ＧⅠ,２　２５５　１　３　５１,2026-02-25,2026-03-02,19,下関,ＧⅢ,４　６３４２,5405,竹内 来,2026-04-09,2026-04-14,06,浜名湖,一般,３　Ｆ６５　４　６　５,2026-03-16,2026-03-21,01,桐生,一般,６　３６５　６５６　６３,2026-02-25,2026-02-28,13,尼崎,一般,５　６６５　６６,2026-02-14,2026-02-18,08,常滑,一般,　　　　　　　　５４,2026-02-08,2026-02-12,03,江戸川,一般,５　６４４　５６６１,4023,柴田 友和,2026-03-28,2026-04-02,24,大村,一般,５　３６３　６５２　４３,2026-03-12,2026-03-17,06,浜名湖,一般,２４４　２２４　６５６３,2026-02-28,2026-03-03,03,江戸川,一般,６　４５３１６,2026-02-15,2026-02-19,23,からつ,一般,６　３１５３６　２５,2026-01-29,2026-02-01,04,平和島,一般,１６１　５５５２
202604221109,2026-04-22,11,09R,3922,菅沼 佳昭,2026-04-03,2026-04-07,17,宮島,一般,３　２５５６４　５６,2026-03-18,2026-03-22,24,大村,一般,６　１４６５５　２,2026-03-01,2026-03-06,21,芦屋,一般,５　３６２　５５６　３４,2026-02-23,2026-02-27,16,児島,一般,３　６５５　３６１４,2026-02-10,2026-02-16,07,蒲郡,一般,２１２　５５５２５　５３３,4684,楠原 翔太,2026-04-11,2026-04-14,04,平和島,一般,５４４３５　５１,2026-03-26,2026-03-31,21,芦屋,ＧⅢ,６３５２１　６３５　２３,2026-03-12,2026-03-15,14,鳴門,一般,５　１４３５５２,2026-02-27,2026-03-05,18,徳山,一般,３　３２１３４４１４落３６１,2026-02-15,2026-02-19,23,からつ,一般,６　３３１１３４２４,5004,河野 主樹,2026-04-01,2026-04-06,01,桐生,一般,１５１３２　２５３３２１,2026-03-24,2026-03-29,09,津,一般,５　１３４　５３３２１４,2026-03-11,2026-03-16,05,多摩川,一般,２４１　２２６　２５６４,2026-02-25,2026-03-02,19,下関,ＧⅢ,４２４　１３６２４４１５,2026-02-10,2026-02-15,13,尼崎,一般,４５４　３２１　１５２１,5381,有山 望,2026-04-05,2026-04-10,02,戸田,一般,６　６５６　４２４　１５,2026-03-15,2026-03-20,03,江戸川,一般,６３４　３５６　６４６,2026-03-02,2026-03-05,15,丸亀,一般,５　５６４　４６,2026-02-21,2026-02-25,07,蒲郡,一般,６　５６６　４５３,2026-01-11,2026-01-17,14,鳴門,一般,５　４　６５２　４４３　５２,3967,鈴木 茂高,2026-04-05,2026-04-10,10,三国,一般,２　４５６５１　４２２,2026-03-18,2026-03-23,08,常滑,一般,３２５　５２１　１４３２,2026-02-11,2026-02-16,21,芦屋,一般,３　２４２４１　１転６４,2026-01-26,2026-01-29,09,津,一般,２４５４３　３２,2026-01-14,2026-01-19,07,蒲郡,ＧⅢ,２　２５４　５４５４１,5434,藤田 康生,2026-04-01,2026-04-06,01,桐生,一般,４　６５５　６５５　３５,2026-03-09,2026-03-14,04,平和島,一般,６　２５４　２４４４１５,2026-01-25,2026-01-30,11,びわこ,一般,５　６５５　３,2026-01-11,2026-01-14,13,尼崎,一般,３　４　６６４５,2025-12-29,2026-01-03,06,浜名湖,一般,６　５５５５４　５６５
202604221110,2026-04-22,11,10R,4824,松井 洪弥,2026-04-11,2026-04-16,22,福岡,ＧⅠ,５　６　１４６　６４４,2026-04-02,2026-04-07,09,津,ＧⅠ,４　６　５４６　６６６,2026-03-20,2026-03-25,06,浜名湖,ＧⅢ,１５１１３　５４２６１２,2026-03-08,2026-03-13,24,大村,ＧⅠ,４６３　１４６　５　３,2026-02-18,2026-02-24,03,江戸川,ＧⅠ,６　５２６　６　３６３６,4189,川上 剛,2026-04-12,2026-04-17,16,児島,一般,１４４　２　４３４６４３,2026-03-20,2026-03-25,18,徳山,一般,１３１６２　３１１３３６,2026-03-10,2026-03-15,20,若松,ＧⅢ,６３４　５１１４４３１,2026-02-28,2026-03-03,03,江戸川,一般,１５３　１１[６],2026-02-15,2026-02-19,23,からつ,一般,１　４５１１２１[４],5075,中島 秀治,2026-04-10,2026-04-15,17,宮島,一般,３　４１３６５６４　３３,2026-03-28,2026-03-31,05,多摩川,一般,２１５２２　１５,2026-03-17,2026-03-22,23,からつ,ＧⅡ,５３５　３　１３２４５,2026-03-02,2026-03-05,13,尼崎,一般,４５４　２３２３,2026-02-19,2026-02-24,06,浜名湖,一般,４５６３５　５２５　１４,4962,畑 竜生,2026-04-05,2026-04-10,10,三国,一般,６６５６４　１　１５１２,2026-03-20,2026-03-25,05,多摩川,一般,５２６　２３６　４　１１,2026-03-10,2026-03-15,22,福岡,一般,３５４４３　４４６　４１,2026-02-27,2026-03-05,18,徳山,一般,１３５６３３３　１５３６３４,2026-01-21,2026-01-26,04,平和島,一般,３１２４５　２４３３１４,5010,宇留田 翔平,2026-04-05,2026-04-10,02,戸田,一般,１１３　２６転５３６１６,2026-03-20,2026-03-25,06,浜名湖,ＧⅢ,３４５６５　１　５６２１,2026-03-09,2026-03-14,04,平和島,一般,５１６　５６２６２３２１,2026-02-26,2026-03-02,08,常滑,一般,１５２６２５２　１,2026-02-17,2026-02-22,13,尼崎,一般,４　５２３３４４５　３１,5179,藤本 元輝,2026-03-12,2026-03-17,07,蒲郡,一般,３４Ｆ　６　６　６　５,2026-02-28,2026-03-03,03,江戸川,一般,２　３６１４６６,2026-02-17,2026-02-22,13,尼崎,一般,３６エ　２２５２５　５６,2026-01-29,2026-02-01,01,桐生,一般,４６５１Ｆ　５,2026-01-18,2026-01-22,20,若松,一般,５　５６４６６　３６
202604221111,2026-04-22,11,11R,4771,下寺 秀和,2026-04-07,2026-04-13,24,大村,一般,１５１　３５１１１　３２[２],2026-03-26,2026-03-31,17,宮島,一般,１２２　１１３１４１[１],2026-03-12,2026-03-17,06,浜名湖,一般,２６２１１６１２２２[２],2026-02-28,2026-03-05,22,福岡,一般,１５３１４６１　３２[６],2026-02-12,2026-02-16,18,徳山,一般,４２２６３１１３５１,5091,為本 智也,2026-04-10,2026-04-15,17,宮島,一般,転４６１４　５１１３３,2026-03-27,2026-03-31,13,尼崎,一般,２３３　１２３２[２],2026-03-11,2026-03-16,05,多摩川,一般,４４１　４１６　３１４２,2026-01-31,2026-02-03,10,三国,一般,６４１　６１２１,2026-01-14,2026-01-19,07,蒲郡,ＧⅢ,３５１　１３４２１３５１,3473,石川 真二,2026-04-10,2026-04-15,17,宮島,一般,６１３　５４２１２２３,2026-03-28,2026-04-02,24,大村,一般,２３１４３　４　２６２４,2026-03-18,2026-03-23,14,鳴門,一般,３３３２２　２１２６１５,2026-03-08,2026-03-13,08,常滑,一般,１６５　１　１１２１[５],2026-01-30,2026-02-04,23,からつ,ＧⅠ,６　５４６　４　３５６３,3156,金子 良昭,2026-04-03,2026-04-08,04,平和島,一般,３６２　５５３　２　５４,2026-03-19,2026-03-24,02,戸田,一般,４　５６６　５５６　２,2026-03-02,2026-03-05,13,尼崎,一般,６　４５１３４４,2026-02-14,2026-02-18,01,桐生,一般,５　３４６　３２３５,2026-01-31,2026-02-03,10,三国,一般,４　４２２２４５,5114,小林 孝彰,2026-04-09,2026-04-14,06,浜名湖,一般,４　２１５　４１３３１３,2026-03-25,2026-03-30,04,平和島,一般,６　６２３５２３１１５,2026-03-16,2026-03-21,01,桐生,一般,２５６　４５５　２２１１,2026-02-26,2026-03-03,24,大村,一般,３　５２１　２４１５２６,2026-02-11,2026-02-14,14,鳴門,一般,６　３１３６３５,5100,栗原 一馬,2026-04-05,2026-04-10,02,戸田,一般,５　５６１　５３６　５６,2026-03-18,2026-03-23,08,常滑,一般,３２５　１　２２５３４５,2026-02-15,2026-02-19,23,からつ,一般,３５４５５,2026-01-29,2026-02-01,04,平和島,一般,３　６５１　６６,2026-01-15,2026-01-20,06,浜名湖,一般,６　４６１　２４５転４
202604221112,2026-04-22,11,12R,4262,馬場 貴也,2026-04-12,2026-04-17,01,桐生,ＧⅠ,１　１３１１５　３　４４,2026-04-03,2026-04-08,12,住之江,ＧⅠ,３　１４３　６３５　１３,2026-03-24,2026-03-29,07,蒲郡,ＳＧ,２６１　１　３５４　２,2026-03-08,2026-03-13,24,大村,ＧⅠ,２　２５５　１　３　５１,2026-02-25,2026-03-02,19,下関,ＧⅢ,４　６３４２,5084,末永 和也,2026-04-11,2026-04-16,22,福岡,ＧⅠ,５５２　２　３１４　３１,2026-04-02,2026-04-07,09,津,ＧⅠ,３　３４３５２　６　１５,2026-03-24,2026-03-29,07,蒲郡,ＳＧ,１　２１４４４　５　１２,2026-03-14,2026-03-19,13,尼崎,ＧⅠ,１２１　５６３　２　[４],2026-03-02,2026-03-07,16,児島,ＧⅠ,６　４５２　４２６１３,3761,山本 光雄,2026-04-07,2026-04-13,24,大村,一般,４　５２１　５４６　４　２５,2026-03-26,2026-03-31,19,下関,一般,４　４１２３４　１　２５,2026-03-11,2026-03-16,16,児島,一般,２４４　２４２　１Ｆ５,2026-02-22,2026-02-27,11,びわこ,一般,３４１　２５３　１５４４,2026-02-12,2026-02-16,18,徳山,一般,２１６　５５１　４３,5285,若林 麗,2026-04-09,2026-04-14,06,浜名湖,一般,５　３４４　６６６　５６,2026-03-16,2026-03-21,01,桐生,一般,Ｆ５６　６　６　６　５,2026-03-07,2026-03-10,03,江戸川,一般,１６５　４５５５,2026-02-26,2026-03-03,24,大村,一般,４　２２４　１６６　１５,2026-02-11,2026-02-14,14,鳴門,一般,５４６　６　１４,5323,香川 陽太,2026-04-09,2026-04-14,06,浜名湖,一般,６　４２５　５２２　２５,2026-03-19,2026-03-24,02,戸田,一般,６　２５５　４２１　５２,2026-02-28,2026-03-03,03,江戸川,一般,３４６　４６１６,2026-02-15,2026-02-20,16,児島,一般,３４５　６６６　３　６５,2026-01-31,2026-02-03,10,三国,一般,２６３　４６３,5266,石田 勇斗,2026-04-09,2026-04-14,06,浜名湖,一般,２５６　５　３３５　４２,2026-03-20,2026-03-25,18,徳山,一般,３３１　５３１　４２[３],2026-03-07,2026-03-12,02,戸田,一般,５４４　１５５　６　５４,2026-02-26,2026-03-03,24,大村,一般,３　３６６　４２３　２４,2026-02-14,2026-02-18,01,桐生,一般,２　２４４転５　６１
202604221301,2026-04-22,13,01R,4969,町田 洸希,2026-03-19,2026-03-24,16,児島,一般,６４６　６５２　３　５５,2026-03-10,2026-03-15,20,若松,ＧⅢ,１　６６３　３６３　３５,2026-02-21,2026-02-26,15,丸亀,一般,５１３　４５５　２エ３転,2026-02-08,2026-02-11,23,からつ,一般,５３１３４５２５,2026-01-22,2026-01-28,24,大村,一般,３　１５２　５２５　５　４３,4113,木村 浩士,2026-03-29,2026-04-03,06,浜名湖,一般,２４５　２　２　１５４５,2026-03-14,2026-03-17,19,下関,一般,５６６　４　３３,2026-02-24,2026-03-01,01,桐生,一般,５４３　１４４　２３１,2026-02-11,2026-02-14,14,鳴門,一般,３　５４４４４３,2026-01-25,2026-01-29,05,多摩川,一般,５５１　４６１　３１,4788,小池 哲也,2026-04-04,2026-04-09,16,児島,一般,３３５　５６５４３　６１,2026-03-20,2026-03-25,05,多摩川,一般,６６,2026-03-10,2026-03-15,22,福岡,一般,５　５５４４２６３　妨,2026-02-28,2026-03-06,07,蒲郡,一般,３２落３１　２　３１１２[３],2026-02-17,2026-02-21,10,三国,一般,３４３　３２４３２１,4251,川崎 誠志,2026-03-28,2026-04-03,08,常滑,一般,５　５１２　６２５６５４,2026-03-11,2026-03-16,16,児島,一般,３６２　２６６　４３３,2026-02-27,2026-03-05,18,徳山,一般,２１６　３４４２２５３６３３,2026-02-10,2026-02-14,19,下関,一般,５３６　５６５　４４,2026-01-22,2026-01-28,24,大村,一般,１２２　４３１　５　５３２１,3381,滝沢 芳行,2026-03-26,2026-03-31,17,宮島,一般,５　１３１　６５３６４６,2026-03-10,2026-03-15,20,若松,ＧⅢ,５　３４４　１５５５４,2026-02-22,2026-02-27,05,多摩川,一般,１１２　２３１３４６２５,2026-02-02,2026-02-07,15,丸亀,一般,３　２１２　２３２４４６,2026-01-17,2026-01-22,02,戸田,一般,５　５１５　４２３５４,5430,鳥本 智史,2026-03-24,2026-03-29,09,津,一般,６　６６４　２５６　６６,2026-03-16,2026-03-19,10,三国,一般,５　６転６　６６,2026-02-26,2026-03-02,08,常滑,一般,落　６５４　６５６６,2026-02-14,2026-02-18,01,桐生,一般,５　６　転６６　５６,2026-01-23,2026-01-28,07,蒲郡,一般,６　６　５５６　６６６６
202604221302,2026-04-22,13,02R,4840,鈴木 秀茉,2026-04-05,2026-04-10,10,三国,一般,４　３５１４３５５　２,2026-03-26,2026-03-31,21,芦屋,ＧⅢ,２２３　６　６５６５５,2026-03-08,2026-03-13,08,常滑,一般,１　６２２　２５２２[６],2026-02-25,2026-03-01,02,戸田,一般,６６３　２６４　６,2026-02-10,2026-02-16,07,蒲郡,一般,２５３　３６４　２２４　１４,4429,豊田 泰洋,2026-03-26,2026-03-31,17,宮島,一般,６　３３１　４４６５６３,2026-02-15,2026-02-20,16,児島,一般,４　４５５　１５５　４４,2026-01-31,2026-02-05,07,蒲郡,一般,４５５　６６６　５　５３,2026-01-15,2026-01-20,09,津,一般,２６３　４３４　転５Ｆ,2026-01-01,2026-01-06,14,鳴門,一般,５　６４４　５６４　６３,3868,尾形 栄治,2026-03-28,2026-03-31,05,多摩川,一般,６５２　３　１６,2026-03-15,2026-03-20,03,江戸川,一般,１２３　４５３　３１２３,2026-03-01,2026-03-06,06,浜名湖,一般,　　　　　　　　　　４５,2026-02-23,2026-02-27,16,児島,一般,２５４４４　６　３５,2026-02-11,2026-02-16,21,芦屋,一般,６　３５３　４６３５３１,4903,吉田 凌太朗,2026-04-05,2026-04-10,02,戸田,一般,６３３４６,2026-03-28,2026-03-31,05,多摩川,一般,３２１１１１[４],2026-03-18,2026-03-23,14,鳴門,一般,３５６５１１１　１６３３,2026-02-05,2026-02-10,08,常滑,ＧⅠ,２　１　２３５　６　４６,2026-01-22,2026-01-28,24,大村,一般,１１１　２１６　５１２２[３],4319,三宅 潤,2026-04-03,2026-04-07,21,芦屋,一般,１５５６４　３２２,2026-03-24,2026-03-29,09,津,一般,１６２　２６４　２４３２,2026-03-12,2026-03-16,11,びわこ,一般,５３１　４６３　４２,2026-02-03,2026-02-08,17,宮島,一般,２５４２３１１　５５１５,2026-01-24,2026-01-27,06,浜名湖,一般,６２１　４４１４,5379,廣部 大明,2026-03-12,2026-03-16,11,びわこ,一般,４　５４３４２　６５,2026-02-21,2026-02-26,15,丸亀,一般,５５４　３Ｆ５　４　３,2026-01-31,2026-02-05,07,蒲郡,一般,６　５５６　４５５　４６,2026-01-21,2026-01-26,16,児島,一般,　　　　　　　　６５２４,2026-01-03,2026-01-08,11,びわこ,一般,４　６５６　６４５６６
202604221303,2026-04-22,13,03R,4740,齋藤 達希,2026-03-28,2026-03-31,05,多摩川,一般,１６２３５　４３,2026-03-10,2026-03-15,20,若松,ＧⅢ,５　３５４　５６３　６４,2026-02-04,2026-02-07,04,平和島,一般,２５５３５　２５,2026-01-22,2026-01-28,24,大村,一般,６　３３１　５６２　５　２６,2026-01-08,2026-01-13,09,津,一般,２５５５６　４４,5273,山下 拓巳,2026-03-19,2026-03-24,16,児島,一般,５３５　６５６　５　３６,2026-03-07,2026-03-12,02,戸田,一般,５６６　３２５　１　３３,2026-02-26,2026-03-02,08,常滑,一般,６　５４３　５６４１,2026-02-17,2026-02-22,13,尼崎,一般,３　３１６　６４６６５５,2026-01-29,2026-02-01,04,平和島,一般,５　２６１６４１,3655,本橋 克洋,2026-04-05,2026-04-11,07,蒲郡,一般,４　５６４　２　４４３　５５,2026-03-24,2026-03-29,09,津,一般,４２２　４４３２２６２４,2026-03-16,2026-03-19,10,三国,一般,２　３５１４４３,2026-03-07,2026-03-10,03,江戸川,一般,３　４６１　２４,2026-02-20,2026-02-25,17,宮島,一般,２５３　１５３４１　４６,3974,深山 祐二,2026-03-28,2026-04-02,02,戸田,一般,６　２４１　４５２　６２,2026-03-14,2026-03-17,19,下関,一般,３２２　５３４１,2026-03-01,2026-03-06,06,浜名湖,一般,４５５　２６３　６６２,2026-02-15,2026-02-20,16,児島,一般,６　３６４　３３５　１５,2026-01-25,2026-01-30,18,徳山,一般,１　６２６　４６４６３,4405,南野 利騰,2026-03-28,2026-03-31,05,多摩川,一般,４　５５５４５,2026-03-12,2026-03-17,06,浜名湖,一般,３３１　３５２６５５２５,2026-02-26,2026-03-02,08,常滑,一般,４６３　３４４　５４,2026-02-06,2026-02-11,10,三国,一般,１４３　１６４４１６,2026-01-25,2026-01-28,20,若松,一般,５　３５６　６４,4119,泥谷 一毅,2026-04-05,2026-04-10,10,三国,一般,３２４　１４２３４４２３,2026-03-23,2026-03-27,12,住之江,一般,３４２４２　４　３,2026-03-11,2026-03-16,05,多摩川,一般,１２４　３５２　３４２３,2026-02-26,2026-03-02,08,常滑,一般,３４２　６２４２４,2026-01-15,2026-01-20,09,津,一般,４５１　３２３　１５３
202604221304,2026-04-22,13,04R,4382,高山 智至,2026-04-03,2026-04-08,04,平和島,一般,４４１　４４４　１５３,2026-03-14,2026-03-17,19,下関,一般,４　２６３５５,2026-02-04,2026-02-09,11,びわこ,一般,６　４２４３１　１１４３,2026-01-21,2026-01-26,16,児島,一般,６４３　５５４　３　５３,2026-01-08,2026-01-13,09,津,一般,４２３５３　２２,4839,四宮 与寛,2026-04-05,2026-04-10,10,三国,一般,２１１４３４６　１４３１,2026-03-27,2026-03-31,16,児島,一般,３２６　６２３３６２,2026-03-18,2026-03-23,14,鳴門,一般,１　５３１１２３３３２１,2026-03-06,2026-03-09,23,からつ,一般,４４２５４　１６,2026-02-21,2026-02-26,15,丸亀,一般,２３２　３３３６６５５６,4648,木村 亮太,2026-03-28,2026-04-02,23,からつ,一般,４２５　４　４４５６１１,2026-02-17,2026-02-21,10,三国,一般,５４６　６　６６５,2026-01-31,2026-02-05,07,蒲郡,一般,５５５　３４６４６　５,2026-01-14,2026-01-19,16,児島,一般,４２２　１３３　３４４２,2026-01-04,2026-01-09,13,尼崎,一般,１２１　３３１　Ｆ　４,3807,岡部 哲,2026-04-05,2026-04-10,10,三国,一般,５　３２４５５　３４１,2026-03-18,2026-03-22,24,大村,一般,２３３　１５５６２６,2026-02-28,2026-03-03,03,江戸川,一般,２４３　２５２４,2026-02-14,2026-02-18,01,桐生,一般,３５１　３　４５３５,2026-01-26,2026-01-31,22,福岡,一般,５６３　６　５５６　４５,3587,武田 信一,2026-03-23,2026-03-27,12,住之江,一般,５６４　２　６　３３,2026-03-12,2026-03-17,21,芦屋,一般,４　５２４　４６４２２１,2026-02-23,2026-02-27,16,児島,一般,３４１　４４１６６６,2026-02-08,2026-02-11,20,若松,一般,３６５　４　１２,2026-01-14,2026-01-19,23,からつ,一般,６３４　２　６５３４２４,4122,安東 幸治,2026-04-03,2026-04-07,17,宮島,一般,２４１　３４３４３６,2026-03-18,2026-03-23,14,鳴門,一般,６１４　４４３３２　１５,2026-03-07,2026-03-11,10,三国,一般,３３１３３　２４１３,2026-02-23,2026-02-28,23,からつ,一般,６　１６２４２１２５５６,2026-02-11,2026-02-16,21,芦屋,一般,３３３　４１１３１１[３]
202604221305,2026-04-22,13,05R,4832,権藤 俊光,2026-04-03,2026-04-08,12,住之江,ＧⅠ,１　６３３　５　４１６１,2026-03-24,2026-03-29,07,蒲郡,ＳＧ,５２４　５　４５２　２５,2026-03-08,2026-03-13,24,大村,ＧⅠ,５１落　４　３２転　４,2026-02-18,2026-02-24,03,江戸川,ＧⅠ,３４１　２　２５５　４２,2026-02-04,2026-02-09,12,住之江,ＧⅠ,１４３　１　２３１　[１],3712,淺香 文武,2026-03-28,2026-03-31,05,多摩川,一般,３　３６３６５,2026-03-12,2026-03-17,21,芦屋,一般,１２２１２　６４４５２２,2026-02-24,2026-03-01,01,桐生,一般,５３２　６４４　２　５３,2026-02-06,2026-02-11,10,三国,一般,４１３　２１６１[６],2026-01-21,2026-01-26,04,平和島,一般,２　２６５４３　４６５,3602,奥平 拓也,2026-03-26,2026-03-31,21,芦屋,ＧⅢ,６５５　５５６　６　５,2026-03-14,2026-03-17,19,下関,一般,３４３　５６５,2026-02-22,2026-02-27,11,びわこ,一般,５４３　６　４２２　３３,2026-02-01,2026-02-04,03,江戸川,一般,６３３　３６２３,2026-01-18,2026-01-22,08,常滑,一般,４　２４３３５３５４,4006,小野 勇作,2026-03-22,2026-03-27,22,福岡,一般,５６３　１４４　３　３１,2026-03-12,2026-03-17,21,芦屋,一般,５転５　５５５１２　５６,2026-02-20,2026-02-25,17,宮島,一般,６２５　２６４　４２２２,2026-02-11,2026-02-16,21,芦屋,一般,４　６５６６２１４６５,2026-01-29,2026-02-03,16,児島,一般,２２１　２４４　２３１３,4969,町田 洸希,2026-03-19,2026-03-24,16,児島,一般,６４６　６５２　３　５５,2026-03-10,2026-03-15,20,若松,ＧⅢ,１　６６３　３６３　３５,2026-02-21,2026-02-26,15,丸亀,一般,５１３　４５５　２エ３転,2026-02-08,2026-02-11,23,からつ,一般,５３１３４５２５,2026-01-22,2026-01-28,24,大村,一般,３　１５２　５２５　５　４３,5366,塩嶋 泰空,2026-03-29,2026-04-03,06,浜名湖,一般,６　６６６　６６６　６,2026-02-28,2026-03-06,07,蒲郡,一般,５　６６５　６６６　６６５６,2026-01-20,2026-01-26,10,三国,一般,６　６６４　５　５６５６,2025-12-30,2026-01-04,10,三国,一般,５　６６落　６６５　６６,2025-12-06,2025-12-11,09,津,一般,６　６　６５５　Ｆ６６
202604221306,2026-04-22,13,06R,3499,市川 哲也,2026-04-03,2026-04-08,04,平和島,一般,２５１　４５５,2026-03-17,2026-03-22,23,からつ,ＧⅡ,１　５５２　４３６　４３,2026-03-07,2026-03-11,10,三国,一般,２　６１６４４　１５,2026-02-21,2026-02-26,21,芦屋,一般,１２１２３５６　２４１１,2026-02-12,2026-02-16,18,徳山,一般,落５２３１　３　５１,4251,川崎 誠志,2026-03-28,2026-04-03,08,常滑,一般,５　５１２　６２５６５４,2026-03-11,2026-03-16,16,児島,一般,３６２　２６６　４３３,2026-02-27,2026-03-05,18,徳山,一般,２１６　３４４２２５３６３３,2026-02-10,2026-02-14,19,下関,一般,５３６　５６５　４４,2026-01-22,2026-01-28,24,大村,一般,１２２　４３１　５　５３２１,4104,木下 陽介,2026-04-01,2026-04-06,01,桐生,一般,５　６欠,2026-03-18,2026-03-22,24,大村,一般,５　５５６　５　６４,2026-03-06,2026-03-11,17,宮島,一般,１２３３３　１１４４５６,2026-02-19,2026-02-24,06,浜名湖,一般,３　１５落６,2026-01-29,2026-02-03,16,児島,一般,２５２　６６５　６　２,4057,松井 賢治,2026-04-07,2026-04-13,24,大村,一般,５４３　２５５　２　２　３１,2026-03-27,2026-03-31,13,尼崎,一般,３２１　２６４３[６],2026-03-12,2026-03-17,07,蒲郡,一般,３　３１５２２２４２[６],2026-03-02,2026-03-05,15,丸亀,一般,５１４４２　２２,2026-02-21,2026-02-26,04,平和島,一般,２５２　３４３１５５１５,4840,鈴木 秀茉,2026-04-05,2026-04-10,10,三国,一般,４　３５１４３５５　２,2026-03-26,2026-03-31,21,芦屋,ＧⅢ,２２３　６　６５６５５,2026-03-08,2026-03-13,08,常滑,一般,１　６２２　２５２２[６],2026-02-25,2026-03-01,02,戸田,一般,６６３　２６４　６,2026-02-10,2026-02-16,07,蒲郡,一般,２５３　３６４　２２４　１４,4164,岩永 節也,2026-03-28,2026-04-02,24,大村,一般,３　１３５　２５５５５６,2026-03-12,2026-03-17,07,蒲郡,一般,５　３５６　５５６３３４,2026-02-23,2026-02-27,16,児島,一般,５　６３２　３２２４,2026-02-08,2026-02-11,23,からつ,一般,５　３６５　１５,2026-01-23,2026-01-26,19,下関,一般,６４６　６　６６
202604221307,2026-04-22,13,07R,4943,八木 治樹,2026-03-20,2026-03-25,18,徳山,一般,６４４　４４４　４５４,2026-03-06,2026-03-12,01,桐生,一般,１　５　４　４４３３６３転,2026-02-19,2026-02-24,06,浜名湖,一般,４４６　１１転６４　２４,2026-01-29,2026-02-03,16,児島,一般,６　１６６　５４１　４６,2026-01-14,2026-01-19,07,蒲郡,ＧⅢ,６　３５１　３５６　６６,4405,南野 利騰,2026-03-28,2026-03-31,05,多摩川,一般,４　５５５４５,2026-03-12,2026-03-17,06,浜名湖,一般,３３１　３５２６５５２５,2026-02-26,2026-03-02,08,常滑,一般,４６３　３４４　５４,2026-02-06,2026-02-11,10,三国,一般,１４３　１６４４１６,2026-01-25,2026-01-28,20,若松,一般,５　３５６　６４,4292,麻生 慎介,2026-03-08,2026-03-13,24,大村,ＧⅠ,４　５６１　４　４３６,2026-02-21,2026-02-26,04,平和島,一般,４４１５２６１　５５１１,2026-01-29,2026-02-03,19,下関,ＧⅠ,３　４４２　５２２　４４,2026-01-18,2026-01-22,08,常滑,一般,３２１２１　２２[３],2026-01-08,2026-01-13,20,若松,一般,３　２４２３１３転６,4429,豊田 泰洋,2026-03-26,2026-03-31,17,宮島,一般,６　３３１　４４６５６３,2026-02-15,2026-02-20,16,児島,一般,４　４５５　１５５　４４,2026-01-31,2026-02-05,07,蒲郡,一般,４５５　６６６　５　５３,2026-01-15,2026-01-20,09,津,一般,２６３　４３４　転５Ｆ,2026-01-01,2026-01-06,14,鳴門,一般,５　６４４　５６４　６３,4085,荻野 裕介,2026-03-26,2026-03-31,21,芦屋,ＧⅢ,４　６４５　３　４　３,2026-03-14,2026-03-17,19,下関,一般,２４４５２　２３,2026-02-25,2026-03-01,02,戸田,一般,３３６　３６５３２４,2026-02-04,2026-02-09,18,徳山,一般,６　４５３　３１２　２１,2025-12-26,2025-12-31,04,平和島,一般,３　１３５５３　１１エ５,4792,杉村 賢也,2026-04-05,2026-04-10,02,戸田,一般,不,2026-03-18,2026-03-23,08,常滑,一般,５３３３５　２　３４１,2026-03-09,2026-03-14,04,平和島,一般,１２５　１５２６４５２５,2026-02-25,2026-03-02,19,下関,ＧⅢ,２５５　２６欠,2026-02-12,2026-02-17,17,宮島,一般,５４４　５４３３１　１４
202604221308,2026-04-22,13,08R,4119,泥谷 一毅,2026-04-05,2026-04-10,10,三国,一般,３２４　１４２３４４２３,2026-03-23,2026-03-27,12,住之江,一般,３４２４２　４　３,2026-03-11,2026-03-16,05,多摩川,一般,１２４　３５２　３４２３,2026-02-26,2026-03-02,08,常滑,一般,３４２　６２４２４,2026-01-15,2026-01-20,09,津,一般,４５１　３２３　１５３,3381,滝沢 芳行,2026-03-26,2026-03-31,17,宮島,一般,５　１３１　６５３６４６,2026-03-10,2026-03-15,20,若松,ＧⅢ,５　３４４　１５５５４,2026-02-22,2026-02-27,05,多摩川,一般,１１２　２３１３４６２５,2026-02-02,2026-02-07,15,丸亀,一般,３　２１２　２３２４４６,2026-01-17,2026-01-22,02,戸田,一般,５　５１５　４２３５４,3974,深山 祐二,2026-03-28,2026-04-02,02,戸田,一般,６　２４１　４５２　６２,2026-03-14,2026-03-17,19,下関,一般,３２２　５３４１,2026-03-01,2026-03-06,06,浜名湖,一般,４５５　２６３　６６２,2026-02-15,2026-02-20,16,児島,一般,６　３６４　３３５　１５,2026-01-25,2026-01-30,18,徳山,一般,１　６２６　４６４６３,3868,尾形 栄治,2026-03-28,2026-03-31,05,多摩川,一般,６５２　３　１６,2026-03-15,2026-03-20,03,江戸川,一般,１２３　４５３　３１２３,2026-03-01,2026-03-06,06,浜名湖,一般,　　　　　　　　　　４５,2026-02-23,2026-02-27,16,児島,一般,２５４４４　６　３５,2026-02-11,2026-02-16,21,芦屋,一般,６　３５３　４６３５３１,4382,高山 智至,2026-04-03,2026-04-08,04,平和島,一般,４４１　４４４　１５３,2026-03-14,2026-03-17,19,下関,一般,４　２６３５５,2026-02-04,2026-02-09,11,びわこ,一般,６　４２４３１　１１４３,2026-01-21,2026-01-26,16,児島,一般,６４３　５５４　３　５３,2026-01-08,2026-01-13,09,津,一般,４２３５３　２２,5354,渡邊 雄斗,2026-03-24,2026-03-29,09,津,一般,５　３４６　５１６　５６,2026-03-15,2026-03-20,03,江戸川,一般,６６５　６６３　５６５,2026-02-24,2026-03-01,01,桐生,一般,３５２　４　６５５１２,2026-01-23,2026-01-28,07,蒲郡,一般,５　５転６　５　２５４５,2026-01-08,2026-01-13,09,津,一般,　　　　　　２２
202604221309,2026-04-22,13,09R,4122,安東 幸治,2026-04-03,2026-04-07,17,宮島,一般,２４１　３４３４３６,2026-03-18,2026-03-23,14,鳴門,一般,６１４　４４３３２　１５,2026-03-07,2026-03-11,10,三国,一般,３３１３３　２４１３,2026-02-23,2026-02-28,23,からつ,一般,６　１６２４２１２５５６,2026-02-11,2026-02-16,21,芦屋,一般,３３３　４１１３１１[３],3807,岡部 哲,2026-04-05,2026-04-10,10,三国,一般,５　３２４５５　３４１,2026-03-18,2026-03-22,24,大村,一般,２３３　１５５６２６,2026-02-28,2026-03-03,03,江戸川,一般,２４３　２５２４,2026-02-14,2026-02-18,01,桐生,一般,３５１　３　４５３５,2026-01-26,2026-01-31,22,福岡,一般,５６３　６　５５６　４５,4006,小野 勇作,2026-03-22,2026-03-27,22,福岡,一般,５６３　１４４　３　３１,2026-03-12,2026-03-17,21,芦屋,一般,５転５　５５５１２　５６,2026-02-20,2026-02-25,17,宮島,一般,６２５　２６４　４２２２,2026-02-11,2026-02-16,21,芦屋,一般,４　６５６６２１４６５,2026-01-29,2026-02-03,16,児島,一般,２２１　２４４　２３１３,4113,木村 浩士,2026-03-29,2026-04-03,06,浜名湖,一般,２４５　２　２　１５４５,2026-03-14,2026-03-17,19,下関,一般,５６６　４　３３,2026-02-24,2026-03-01,01,桐生,一般,５４３　１４４　２３１,2026-02-11,2026-02-14,14,鳴門,一般,３　５４４４４３,2026-01-25,2026-01-29,05,多摩川,一般,５５１　４６１　３１,3602,奥平 拓也,2026-03-26,2026-03-31,21,芦屋,ＧⅢ,６５５　５５６　６　５,2026-03-14,2026-03-17,19,下関,一般,３４３　５６５,2026-02-22,2026-02-27,11,びわこ,一般,５４３　６　４２２　３３,2026-02-01,2026-02-04,03,江戸川,一般,６３３　３６２３,2026-01-18,2026-01-22,08,常滑,一般,４　２４３３５３５４,3655,本橋 克洋,2026-04-05,2026-04-11,07,蒲郡,一般,４　５６４　２　４４３　５５,2026-03-24,2026-03-29,09,津,一般,４２２　４４３２２６２４,2026-03-16,2026-03-19,10,三国,一般,２　３５１４４３,2026-03-07,2026-03-10,03,江戸川,一般,３　４６１　２４,2026-02-20,2026-02-25,17,宮島,一般,２５３　１５３４１　４６
202604221310,2026-04-22,13,10R,4903,吉田 凌太朗,2026-04-05,2026-04-10,02,戸田,一般,６３３４６,2026-03-28,2026-03-31,05,多摩川,一般,３２１１１１[４],2026-03-18,2026-03-23,14,鳴門,一般,３５６５１１１　１６３３,2026-02-05,2026-02-10,08,常滑,ＧⅠ,２　１　２３５　６　４６,2026-01-22,2026-01-28,24,大村,一般,１１１　２１６　５１２２[３],4788,小池 哲也,2026-04-04,2026-04-09,16,児島,一般,３３５　５６５４３　６１,2026-03-20,2026-03-25,05,多摩川,一般,６６,2026-03-10,2026-03-15,22,福岡,一般,５　５５４４２６３　妨,2026-02-28,2026-03-06,07,蒲郡,一般,３２落３１　２　３１１２[３],2026-02-17,2026-02-21,10,三国,一般,３４３　３２４３２１,4740,齋藤 達希,2026-03-28,2026-03-31,05,多摩川,一般,１６２３５　４３,2026-03-10,2026-03-15,20,若松,ＧⅢ,５　３５４　５６３　６４,2026-02-04,2026-02-07,04,平和島,一般,２５５３５　２５,2026-01-22,2026-01-28,24,大村,一般,６　３３１　５６２　５　２６,2026-01-08,2026-01-13,09,津,一般,２５５５６　４４,3499,市川 哲也,2026-04-03,2026-04-08,04,平和島,一般,２５１　４５５,2026-03-17,2026-03-22,23,からつ,ＧⅡ,１　５５２　４３６　４３,2026-03-07,2026-03-11,10,三国,一般,２　６１６４４　１５,2026-02-21,2026-02-26,21,芦屋,一般,１２１２３５６　２４１１,2026-02-12,2026-02-16,18,徳山,一般,落５２３１　３　５１,4832,権藤 俊光,2026-04-03,2026-04-08,12,住之江,ＧⅠ,１　６３３　５　４１６１,2026-03-24,2026-03-29,07,蒲郡,ＳＧ,５２４　５　４５２　２５,2026-03-08,2026-03-13,24,大村,ＧⅠ,５１落　４　３２転　４,2026-02-18,2026-02-24,03,江戸川,ＧⅠ,３４１　２　２５５　４２,2026-02-04,2026-02-09,12,住之江,ＧⅠ,１４３　１　２３１　[１],4648,木村 亮太,2026-03-28,2026-04-02,23,からつ,一般,４２５　４　４４５６１１,2026-02-17,2026-02-21,10,三国,一般,５４６　６　６６５,2026-01-31,2026-02-05,07,蒲郡,一般,５５５　３４６４６　５,2026-01-14,2026-01-19,16,児島,一般,４２２　１３３　３４４２,2026-01-04,2026-01-09,13,尼崎,一般,１２１　３３１　Ｆ　４
202604221311,2026-04-22,13,11R,4292,麻生 慎介,2026-03-08,2026-03-13,24,大村,ＧⅠ,４　５６１　４　４３６,2026-02-21,2026-02-26,04,平和島,一般,４４１５２６１　５５１１,2026-01-29,2026-02-03,19,下関,ＧⅠ,３　４４２　５２２　４４,2026-01-18,2026-01-22,08,常滑,一般,３２１２１　２２[３],2026-01-08,2026-01-13,20,若松,一般,３　２４２３１３転６,4319,三宅 潤,2026-04-03,2026-04-07,21,芦屋,一般,１５５６４　３２２,2026-03-24,2026-03-29,09,津,一般,１６２　２６４　２４３２,2026-03-12,2026-03-16,11,びわこ,一般,５３１　４６３　４２,2026-02-03,2026-02-08,17,宮島,一般,２５４２３１１　５５１５,2026-01-24,2026-01-27,06,浜名湖,一般,６２１　４４１４,4057,松井 賢治,2026-04-07,2026-04-13,24,大村,一般,５４３　２５５　２　２　３１,2026-03-27,2026-03-31,13,尼崎,一般,３２１　２６４３[６],2026-03-12,2026-03-17,07,蒲郡,一般,３　３１５２２２４２[６],2026-03-02,2026-03-05,15,丸亀,一般,５１４４２　２２,2026-02-21,2026-02-26,04,平和島,一般,２５２　３４３１５５１５,4839,四宮 与寛,2026-04-05,2026-04-10,10,三国,一般,２１１４３４６　１４３１,2026-03-27,2026-03-31,16,児島,一般,３２６　６２３３６２,2026-03-18,2026-03-23,14,鳴門,一般,１　５３１１２３３３２１,2026-03-06,2026-03-09,23,からつ,一般,４４２５４　１６,2026-02-21,2026-02-26,15,丸亀,一般,２３２　３３３６６５５６,5273,山下 拓巳,2026-03-19,2026-03-24,16,児島,一般,５３５　６５６　５　３６,2026-03-07,2026-03-12,02,戸田,一般,５６６　３２５　１　３３,2026-02-26,2026-03-02,08,常滑,一般,６　５４３　５６４１,2026-02-17,2026-02-22,13,尼崎,一般,３　３１６　６４６６５５,2026-01-29,2026-02-01,04,平和島,一般,５　２６１６４１,3712,淺香 文武,2026-03-28,2026-03-31,05,多摩川,一般,３　３６３６５,2026-03-12,2026-03-17,21,芦屋,一般,１２２１２　６４４５２２,2026-02-24,2026-03-01,01,桐生,一般,５３２　６４４　２　５３,2026-02-06,2026-02-11,10,三国,一般,４１３　２１６１[６],2026-01-21,2026-01-26,04,平和島,一般,２　２６５４３　４６５
202604221312,2026-04-22,13,12R,4594,谷川 祐一,2026-04-01,2026-04-06,01,桐生,一般,５　６５６５,2026-03-18,2026-03-23,08,常滑,一般,４３５　５６５　４　１３,2026-02-06,2026-02-11,02,戸田,一般,３６２３３　３２２４２３,2026-01-26,2026-01-31,22,福岡,一般,４３３２３１３　３　６６,2026-01-15,2026-01-20,09,津,一般,５６５　２４１　４５２,5064,品川 二千翔,2026-03-30,2026-04-05,18,徳山,一般,１１４４５　２　１５２１,2026-03-18,2026-03-22,24,大村,一般,３　５５１４３　１２,2026-03-07,2026-03-10,03,江戸川,一般,２　１１３　２４,2026-02-22,2026-02-28,12,住之江,一般,４　３５５　６２３２２　１１,2026-02-10,2026-02-14,19,下関,一般,２４１　２５４１[４],5095,小原 聡将,2026-04-04,2026-04-09,16,児島,一般,２１２５４３５　４４４３,2026-03-19,2026-03-24,02,戸田,一般,４３２　２２１４５２[３],2026-03-07,2026-03-10,03,江戸川,一般,２１Ｆ　２３２３,2026-02-22,2026-02-27,05,多摩川,一般,６６４１１５３　１　６１,2026-02-10,2026-02-15,13,尼崎,一般,３２４１３３２　３６１５,5256,中山 翔太,2026-04-02,2026-04-07,09,津,ＧⅠ,６　５　５３１　３６２,2026-03-18,2026-03-23,20,若松,一般,１６１　６２５１１転１不,2026-02-05,2026-02-10,08,常滑,ＧⅠ,５　３　１４２　４　１３,2026-01-20,2026-01-26,10,三国,一般,４１２　１１１１４１[１],2026-01-11,2026-01-17,14,鳴門,一般,　　２４１２１２４２３５３３,4857,加藤 翔馬,2026-04-05,2026-04-10,02,戸田,一般,転　４４５１１４１５１２,2026-03-20,2026-03-25,05,多摩川,一般,２３３６３　１６２２[１],2026-03-10,2026-03-15,20,若松,ＧⅢ,１２１２２２２　２４１１,2026-03-02,2026-03-06,04,平和島,一般,６　１３１　３　２３,2026-02-19,2026-02-24,06,浜名湖,一般,３５２　１４１５２３１３,4366,前沢 丈史,2026-04-07,2026-04-13,24,大村,一般,２４２　１　３１５２３２[６],2026-03-26,2026-03-31,21,芦屋,ＧⅢ,３６４６２１６　５　１４,2026-03-12,2026-03-17,07,蒲郡,一般,１　１５２３１１転１[３],2026-03-01,2026-03-07,20,若松,一般,１　４　１２２２２　５３２１,2026-02-18,2026-02-24,03,江戸川,ＧⅠ,３１６　１１１　２　[６]
202604221401,2026-04-22,14,01R,4743,木村 仁紀,2026-04-12,2026-04-17,01,桐生,ＧⅠ,３　２５４　６２５５４,2026-04-03,2026-04-08,12,住之江,ＧⅠ,２　６４３　４　４１５６,2026-03-18,2026-03-23,08,常滑,一般,１６３５６５３２６３３５,2026-03-12,2026-03-16,11,びわこ,一般,２３１１６１３１[２],2026-03-02,2026-03-07,16,児島,ＧⅠ,３　１５６　３　６３５４,4425,大井 清貴,2026-03-30,2026-04-05,18,徳山,一般,６　２４３３３　３　５６,2026-03-14,2026-03-17,19,下関,一般,１３３４１６２４,2026-02-04,2026-02-09,18,徳山,一般,３２４１３　４５１６４６,2026-01-15,2026-01-20,09,津,一般,４　６５５　６１４２５,2026-01-07,2026-01-10,10,三国,一般,３　１３３５４,4683,向井田 直弥,2026-04-10,2026-04-15,17,宮島,一般,Ｆ６転　４　６　６　６,2026-03-07,2026-03-11,10,三国,一般,２５２　５６４　５２,2026-02-23,2026-02-27,16,児島,一般,６　３２５１１６５,2026-02-10,2026-02-14,19,下関,一般,６　５　４５１３転６,2025-11-29,2025-12-04,21,芦屋,一般,１　１　６６６５１　１１,3546,中里 昌志,2026-04-01,2026-04-06,01,桐生,一般,６３３　６５４　２　６３,2026-03-19,2026-03-23,19,下関,一般,６　３５３４６　５４,2026-03-08,2026-03-13,08,常滑,一般,４５６　３　５　４６３４,2026-02-21,2026-02-26,04,平和島,一般,１３４６２　４６３　３６,2026-01-29,2026-02-03,13,尼崎,一般,２　３３３　５３２２６３,5177,松井 貫太,2026-04-13,2026-04-18,03,江戸川,一般,４３４　４４５　６５３,2026-03-27,2026-03-31,16,児島,一般,３　２３転４１　３４,2026-03-20,2026-03-25,18,徳山,一般,６　２３６５６５６　６３,2026-03-12,2026-03-17,21,芦屋,一般,６　４６５　４６３　４転,2026-02-23,2026-02-28,23,からつ,一般,６５３　４　３１５４５,3831,安藤 裕貴,2026-04-05,2026-04-11,07,蒲郡,一般,２　４２５　２２５　１５６２,2026-03-18,2026-03-21,04,平和島,一般,１　２４２５３５,2026-03-04,2026-03-09,12,住之江,一般,５　５　５５５　６転４,2026-02-23,2026-02-28,23,からつ,一般,２３４　５６２　３１３４,2026-02-04,2026-02-09,18,徳山,一般,５　２５３２３４４　６３
202604221402,2026-04-22,14,02R,4000,松本 博昭,2026-04-14,2026-04-19,20,若松,一般,４　５４２　４３４１３２,2026-03-30,2026-04-04,15,丸亀,一般,２　３５２３４１１４５６,2026-03-19,2026-03-24,16,児島,一般,２２５　２４２３１２[５],2026-03-06,2026-03-12,01,桐生,一般,１　４　４　１１４４３４１２,2026-02-20,2026-02-25,17,宮島,一般,４２２　３５３　４　２１,5353,草川 壮良,2026-04-11,2026-04-14,04,平和島,一般,５　３６４４１,2026-03-27,2026-03-31,16,児島,一般,５　４６６　６,2026-03-12,2026-03-17,21,芦屋,一般,５５５　６４６　６　５６,2026-02-28,2026-03-03,03,江戸川,一般,落５５　５６２６,2026-02-17,2026-02-22,13,尼崎,一般,４６６　５　５５４２５,3246,星野 政彦,2026-04-03,2026-04-07,21,芦屋,一般,４　３６４　２５２４,2026-03-12,2026-03-16,11,びわこ,一般,１　５Ｆ５　５　６,2026-02-20,2026-02-25,17,宮島,一般,５　６５６　５５３６４５,2026-02-04,2026-02-07,04,平和島,一般,６　１５４４４,2025-11-27,2025-12-02,09,津,一般,２　３６１　４６５４４,3652,森下 勇,2026-04-03,2026-04-08,04,平和島,一般,５　２４６５５　５　２５,2026-03-19,2026-03-24,16,児島,一般,４　１４６４２　５２４５,2026-03-07,2026-03-10,03,江戸川,一般,６３３６５　４４,2026-02-14,2026-02-18,01,桐生,一般,６　４４５　３５５,2026-01-25,2026-01-30,11,びわこ,一般,６　１６２　６６５５６,5077,滝沢 崚,2026-04-07,2026-04-13,24,大村,一般,２　６４３　６４５　５　５,2026-03-19,2026-03-24,16,児島,一般,４　３５３　４２４　３５,2026-02-25,2026-03-01,02,戸田,一般,６　６６２　４２５,2026-02-06,2026-02-11,10,三国,一般,４３３　５　５３４６,2026-01-12,2026-01-17,01,桐生,一般,６　２３４５１　１６１,4256,渡辺 浩司,2026-04-12,2026-04-17,01,桐生,ＧⅠ,４２２　１６１　６　４３,2026-03-22,2026-03-27,22,福岡,一般,２４２２２３２１４１[３],2026-03-09,2026-03-14,04,平和島,一般,３３４　２１３１３３２２,2026-02-21,2026-02-26,21,芦屋,一般,４２３　１３２２１２[３],2026-02-10,2026-02-15,13,尼崎,一般,１１２　２３１５２１[２]
202604221403,2026-04-22,14,03R,3746,岡瀬 正人,2026-04-07,2026-04-13,24,大村,一般,１　３４３　３５２５１６２５,2026-03-27,2026-03-31,16,児島,一般,５３１　３６５４１６,2026-03-12,2026-03-16,11,びわこ,一般,２１６３５　２４２４,2026-03-02,2026-03-05,13,尼崎,一般,１　２３２４３２,2026-02-21,2026-02-26,15,丸亀,一般,２　６３１３１３２４１２,4263,武重 雄介,2026-04-09,2026-04-15,15,丸亀,一般,６　４５５　４５５　５３６,2026-03-28,2026-04-03,08,常滑,一般,６５６６６,2026-03-18,2026-03-22,24,大村,一般,５２６　３２４　１６,2026-03-06,2026-03-09,23,からつ,一般,２４２６１５３４,2026-02-22,2026-02-27,11,びわこ,一般,１５３　５４６２１　３２,4836,大谷 健太,2026-04-06,2026-04-10,08,常滑,一般,６３３　５　４１６６,2026-03-19,2026-03-25,15,丸亀,一般,６４１　４１３　１４１６１２,2026-02-25,2026-02-28,13,尼崎,一般,５　５３３　１３,2026-02-04,2026-02-09,18,徳山,一般,５１４　４　２５２　１１,2026-01-21,2026-01-25,01,桐生,一般,３　２２２１３６１６,4336,松田 竜馬,2026-03-19,2026-03-25,15,丸亀,一般,５４６　２５４　２　４３３,2026-03-06,2026-03-09,23,からつ,一般,転　５２４１２,2026-02-20,2026-02-25,17,宮島,一般,６　４２１　２５４４４,2026-02-04,2026-02-09,11,びわこ,一般,４６２４３　５　４６５２,2026-01-15,2026-01-20,24,大村,一般,３２４　１３１３２３５１,5348,小林 甘寧,2026-04-09,2026-04-14,06,浜名湖,一般,１３５　転５１　６４３,2026-03-23,2026-03-27,12,住之江,一般,４５５　５　６　２５,2026-03-07,2026-03-10,03,江戸川,一般,４　５５５　４６,2026-02-17,2026-02-22,13,尼崎,一般,２　妨欠,2026-01-31,2026-02-03,10,三国,一般,５　６４５　５３,4042,丸岡 正典,2026-04-12,2026-04-17,16,児島,一般,１４３　１４６５１６１５,2026-03-28,2026-04-02,02,戸田,一般,３６２４５　２　４５５６,2026-03-17,2026-03-22,23,からつ,ＧⅡ,６　２６１　４２３１６,2026-03-04,2026-03-09,12,住之江,一般,２５３　５３３　３１３,2026-02-21,2026-02-26,15,丸亀,一般,２１１２２３２　２１[３]
202604221404,2026-04-22,14,04R,4980,佐々木 完太,2026-04-12,2026-04-17,01,桐生,ＧⅠ,４４１　２　６４１２５３,2026-04-03,2026-04-07,17,宮島,一般,４３１１２５３落１１,2026-03-24,2026-03-29,07,蒲郡,ＳＧ,５　１１４　２　エ　１５,2026-03-12,2026-03-17,21,芦屋,一般,４５１１１　２３２２[５],2026-03-02,2026-03-07,16,児島,ＧⅠ,２６１　６　２５４２２,4173,岡谷 健吾,2026-04-04,2026-04-09,16,児島,一般,２３１　２４１　６４１２,2026-03-18,2026-03-23,20,若松,一般,１２２　３５４　５５２２,2026-03-01,2026-03-06,21,芦屋,一般,５６３　２１３３３４１５,2026-02-15,2026-02-19,23,からつ,一般,６　６６３２６６３,2026-01-29,2026-02-01,01,桐生,一般,５３３　２５４,3482,金子 猛志,2026-04-12,2026-04-17,16,児島,一般,６　５　３６５２２４３３,2026-03-28,2026-04-03,08,常滑,一般,３１２　３２３５２６１５,2026-03-15,2026-03-20,03,江戸川,一般,３４２　３４３　４　３２,2026-03-01,2026-03-06,21,芦屋,一般,１２４４４　５３３　２５,2026-02-19,2026-02-23,24,大村,一般,１１３　２３１６５５,5053,山口 広樹,2026-03-10,2026-03-15,22,福岡,一般,３　４２６６３　５４５３,2026-02-25,2026-02-28,13,尼崎,一般,４４５６５　５２,2026-02-05,2026-02-10,01,桐生,一般,５　２６Ｆ　６　４　４,2026-01-14,2026-01-19,07,蒲郡,ＧⅢ,５４３　４２１　４４５,2026-01-01,2026-01-06,20,若松,一般,１５１　２６５６２３６２,4652,酒見 峻介,2026-04-12,2026-04-17,16,児島,一般,２５１６６　５６２　１３,2026-03-28,2026-04-02,23,からつ,一般,１　２４１　５４１４３転,2026-03-19,2026-03-23,19,下関,一般,３　５５５５４３６５,2026-03-08,2026-03-13,08,常滑,一般,４４５　６　６６５　Ｌ４,2026-01-31,2026-02-03,10,三国,一般,３　５５１５２６,3685,荒井 輝年,2026-04-10,2026-04-15,17,宮島,一般,５２２４２　１１４３４,2026-03-22,2026-03-27,22,福岡,一般,４４４　転６３　５　５,2026-03-01,2026-03-06,06,浜名湖,一般,６４３　３４４６２　５４,2026-02-19,2026-02-23,18,徳山,一般,２２３　２１３５４６,2026-02-08,2026-02-12,03,江戸川,一般,４５５　２５４２２
202604221405,2026-04-22,14,05R,5199,垂水 悠,2026-04-12,2026-04-17,16,児島,一般,３　２２２３５３４Ｆ２,2026-03-30,2026-04-04,15,丸亀,一般,１　５６１　５５１　１５,2026-03-20,2026-03-25,06,浜名湖,ＧⅢ,３３６　２　１３６　２６,2026-03-06,2026-03-09,23,からつ,一般,４６３　６　１２,2026-02-12,2026-02-17,17,宮島,一般,６　４１６　１４２５３,3804,中渡 修作,2026-04-11,2026-04-16,14,鳴門,一般,５２６　３５４　５２３３,2026-03-27,2026-03-31,13,尼崎,一般,６　３５４　３３３２,2026-03-18,2026-03-23,08,常滑,一般,３　４６２　４５６２６,2026-03-01,2026-03-06,21,芦屋,一般,３　１３３　２６２６１２,2026-02-10,2026-02-15,06,浜名湖,一般,２　２５３３４　４６２６,4089,妹尾 忠幸,2026-04-13,2026-04-18,03,江戸川,一般,１　１４１　２４２５２５,2026-04-03,2026-04-08,04,平和島,一般,３　１２３　３２２４５４,2026-03-12,2026-03-17,21,芦屋,一般,４４Ｆ２５　５　４　３,2026-03-04,2026-03-09,12,住之江,一般,２１４　３５３　２４２４,2026-02-23,2026-02-27,16,児島,一般,３１４５１　３６３３,5280,廣瀬 凜,2026-04-09,2026-04-14,06,浜名湖,一般,１　１４４１１２３３２１,2026-03-25,2026-03-30,04,平和島,一般,３　３１２１２４２１[６],2026-03-12,2026-03-16,11,びわこ,一般,３１１１２　５２[３],2026-02-22,2026-02-27,11,びわこ,一般,２４１２３３１　１３３１,2026-02-11,2026-02-16,21,芦屋,一般,５　１３３３１３１５１１,4097,貫地谷 直人,2026-03-30,2026-04-04,15,丸亀,一般,６５５　６６５　４　６,2026-03-16,2026-03-19,10,三国,一般,４６６　６　４,2026-02-27,2026-03-05,18,徳山,一般,６　４６３　３３２　４４２４,2026-02-08,2026-02-12,03,江戸川,一般,４６３　５３２６４６,2026-01-18,2026-01-22,20,若松,一般,５４２　５６２　４３,3075,中村 裕将,2026-04-05,2026-04-10,02,戸田,一般,１１３　２６２５１５１４,2026-03-15,2026-03-20,03,江戸川,一般,６　６５６　３３２　３,2026-03-01,2026-03-06,06,浜名湖,一般,３１５　３５５　５５６,2026-02-15,2026-02-20,16,児島,一般,１　６２５　２６６　２６,2026-01-27,2026-02-01,21,芦屋,一般,４６５　５５６５６　６
202604221406,2026-04-22,14,06R,3772,一柳 和孝,2026-04-05,2026-04-10,02,戸田,一般,３２４　３４３　Ｆ４４,2026-03-19,2026-03-24,16,児島,一般,３６５　３１３　３５２３,2026-03-04,2026-03-09,12,住之江,一般,５３６　２５５　１　４,2026-02-21,2026-02-26,04,平和島,一般,４４３　２４４２１１４４,2026-01-31,2026-02-05,07,蒲郡,一般,３　３４５　２３１２３６,5124,上瀧 絢也,2026-04-09,2026-04-15,15,丸亀,一般,１　５６６　５３２　４　３５,2026-03-18,2026-03-22,24,大村,一般,３４５　５　６　５４,2026-02-28,2026-03-06,07,蒲郡,一般,６３１　５　４３３６４　５２,2026-02-14,2026-02-18,01,桐生,一般,５　３５５　３５２,2026-01-18,2026-01-22,20,若松,一般,３　４３６４６　１５,4161,黒柳 浩孝,2026-04-10,2026-04-15,17,宮島,一般,５２３　３３１　２５３４,2026-04-01,2026-04-06,01,桐生,一般,３　３６４４５　２３３２,2026-03-19,2026-03-24,16,児島,一般,４　２２５６４３６　２１,2026-03-07,2026-03-10,03,江戸川,一般,５３３　２２３２,2026-02-25,2026-02-28,13,尼崎,一般,１　４５１５２６,5177,松井 貫太,2026-04-13,2026-04-18,03,江戸川,一般,４３４　４４５　６５３,2026-03-27,2026-03-31,16,児島,一般,３　２３転４１　３４,2026-03-20,2026-03-25,18,徳山,一般,６　２３６５６５６　６３,2026-03-12,2026-03-17,21,芦屋,一般,６　４６５　４６３　４転,2026-02-23,2026-02-28,23,からつ,一般,６５３　４　３１５４５,4538,笠置 博之,2026-04-11,2026-04-14,04,平和島,一般,１２５　５６６１,2026-04-01,2026-04-06,01,桐生,一般,２　１５１２２５６２[６],2026-03-20,2026-03-25,05,多摩川,一般,５１１　５６３　１　２１,2026-03-06,2026-03-11,17,宮島,一般,１　１１３　１１１１[１],2026-02-23,2026-02-28,23,からつ,一般,６２１　１６１　１３１２,3567,吉岡 誠,2026-04-05,2026-04-10,10,三国,一般,５　３６６　５５２　６,2026-03-19,2026-03-25,15,丸亀,一般,６６６,2026-02-28,2026-03-05,22,福岡,一般,１５１　４４５５５４４６,2026-02-12,2026-02-17,17,宮島,一般,４４２　５６５６２　６１,2026-01-23,2026-01-26,19,下関,一般,２６２６６　５
202604221407,2026-04-22,14,07R,4336,松田 竜馬,2026-03-19,2026-03-25,15,丸亀,一般,５４６　２５４　２　４３３,2026-03-06,2026-03-09,23,からつ,一般,転　５２４１２,2026-02-20,2026-02-25,17,宮島,一般,６　４２１　２５４４４,2026-02-04,2026-02-09,11,びわこ,一般,４６２４３　５　４６５２,2026-01-15,2026-01-20,24,大村,一般,３２４　１３１３２３５１,3411,池上 隆行,2026-04-12,2026-04-17,16,児島,一般,５　４５３　４５３　４,2026-03-20,2026-03-25,18,徳山,一般,５　５５４　５１５　５,2026-03-08,2026-03-13,08,常滑,一般,３４３　４転,2026-02-20,2026-02-25,17,宮島,一般,５　６６１　３１６５５,2026-02-08,2026-02-11,20,若松,一般,３　５５５　５,4040,廣瀬 将亨,2026-04-07,2026-04-13,24,大村,一般,５　２１１２４　４２１４１３,2026-03-27,2026-03-31,13,尼崎,一般,３１１３４　４２[４],2026-03-14,2026-03-17,19,下関,一般,１　４４５５６６,2026-02-28,2026-03-06,07,蒲郡,一般,１　２３３４１　５４５３２３,2026-02-19,2026-02-24,06,浜名湖,一般,転　４１２４１２５　１３,4362,土屋 智則,2026-04-12,2026-04-17,01,桐生,ＧⅠ,１２４　４１３　２　[２],2026-04-03,2026-04-08,12,住之江,ＧⅠ,４　３２２　４５２５５３,2026-03-20,2026-03-25,06,浜名湖,ＧⅢ,２１４３４　１１２３１１,2026-03-10,2026-03-15,22,福岡,一般,２１１２３　３１２５２２,2026-03-02,2026-03-05,13,尼崎,一般,３１６５２１２３,5353,草川 壮良,2026-04-11,2026-04-14,04,平和島,一般,５　３６４４１,2026-03-27,2026-03-31,16,児島,一般,５　４６６　６,2026-03-12,2026-03-17,21,芦屋,一般,５５５　６４６　６　５６,2026-02-28,2026-03-03,03,江戸川,一般,落５５　５６２６,2026-02-17,2026-02-22,13,尼崎,一般,４６６　５　５５４２５,3546,中里 昌志,2026-04-01,2026-04-06,01,桐生,一般,６３３　６５４　２　６３,2026-03-19,2026-03-23,19,下関,一般,６　３５３４６　５４,2026-03-08,2026-03-13,08,常滑,一般,４５６　３　５　４６３４,2026-02-21,2026-02-26,04,平和島,一般,１３４６２　４６３　３６,2026-01-29,2026-02-03,13,尼崎,一般,２　３３３　５３２２６３
202604221408,2026-04-22,14,08R,3523,寳田 亮治,2026-03-30,2026-04-05,18,徳山,一般,２１５　４　２６４５,2026-03-19,2026-03-23,19,下関,一般,３　２３５６５　４３,2026-03-01,2026-03-06,06,浜名湖,一般,６３６　３,2026-02-14,2026-02-18,08,常滑,一般,４３１　１５４５３５,2026-01-26,2026-01-31,22,福岡,一般,２　４２２　４１６２[６],4138,中井 俊祐,2026-04-01,2026-04-06,01,桐生,一般,５５２　３５２　４６４,2026-03-19,2026-03-25,15,丸亀,一般,１　６４１　２３２２４５１６,2026-02-27,2026-03-05,18,徳山,一般,５　２１６　３４２６１　３２,2026-02-11,2026-02-16,21,芦屋,一般,６５５　５６,2026-01-24,2026-01-27,06,浜名湖,一般,４６４　４１６３,3746,岡瀬 正人,2026-04-07,2026-04-13,24,大村,一般,１　３４３　３５２５１６２５,2026-03-27,2026-03-31,16,児島,一般,５３１　３６５４１６,2026-03-12,2026-03-16,11,びわこ,一般,２１６３５　２４２４,2026-03-02,2026-03-05,13,尼崎,一般,１　２３２４３２,2026-02-21,2026-02-26,15,丸亀,一般,２　６３１３１３２４１２,4173,岡谷 健吾,2026-04-04,2026-04-09,16,児島,一般,２３１　２４１　６４１２,2026-03-18,2026-03-23,20,若松,一般,１２２　３５４　５５２２,2026-03-01,2026-03-06,21,芦屋,一般,５６３　２１３３３４１５,2026-02-15,2026-02-19,23,からつ,一般,６　６６３２６６３,2026-01-29,2026-02-01,01,桐生,一般,５３３　２５４,4887,富澤 祐作,2026-04-07,2026-04-13,24,大村,一般,５４６６４　２　６４４　４,2026-03-18,2026-03-23,08,常滑,一般,４４６　６５１　２　１２,2026-03-06,2026-03-12,01,桐生,一般,　　　　　　　　　　　　６２,2026-02-28,2026-03-06,07,蒲郡,一般,１　４５４　２３３３２６２６,2026-02-13,2026-02-18,11,びわこ,一般,３１４４５　２６２　２６,5278,田中 駿兵,2026-04-09,2026-04-14,06,浜名湖,一般,１４１３２３２２１６１２,2026-03-25,2026-03-30,04,平和島,一般,２３１４１１４　１３５２,2026-03-16,2026-03-21,01,桐生,一般,１３４　１２４１１６４２,2026-03-07,2026-03-12,02,戸田,一般,１２２　１１１１１１[５],2026-02-26,2026-03-03,24,大村,一般,２３２２２　１　１１[５]
202604221409,2026-04-22,14,09R,3477,近藤 稔也,2026-04-10,2026-04-15,17,宮島,一般,Ｆ３５　６　４　６　６,2026-03-26,2026-03-31,19,下関,一般,２５６　６４３　６　５４,2026-03-11,2026-03-16,16,児島,一般,５　４５１　６６５　３４,2026-02-24,2026-03-01,01,桐生,一般,２４５　３４２　５　５４,2026-02-10,2026-02-14,15,丸亀,一般,３　５４４４５　５６,5077,滝沢 崚,2026-04-07,2026-04-13,24,大村,一般,２　６４３　６４５　５　５,2026-03-19,2026-03-24,16,児島,一般,４　３５３　４２４　３５,2026-02-25,2026-03-01,02,戸田,一般,６　６６２　４２５,2026-02-06,2026-02-11,10,三国,一般,４３３　５　５３４６,2026-01-12,2026-01-17,01,桐生,一般,６　２３４５１　１６１,3804,中渡 修作,2026-04-11,2026-04-16,14,鳴門,一般,５２６　３５４　５２３３,2026-03-27,2026-03-31,13,尼崎,一般,６　３５４　３３３２,2026-03-18,2026-03-23,08,常滑,一般,３　４６２　４５６２６,2026-03-01,2026-03-06,21,芦屋,一般,３　１３３　２６２６１２,2026-02-10,2026-02-15,06,浜名湖,一般,２　２５３３４　４６２６,4042,丸岡 正典,2026-04-12,2026-04-17,16,児島,一般,１４３　１４６５１６１５,2026-03-28,2026-04-02,02,戸田,一般,３６２４５　２　４５５６,2026-03-17,2026-03-22,23,からつ,ＧⅡ,６　２６１　４２３１６,2026-03-04,2026-03-09,12,住之江,一般,２５３　５３３　３１３,2026-02-21,2026-02-26,15,丸亀,一般,２１１２２３２　２１[３],4683,向井田 直弥,2026-04-10,2026-04-15,17,宮島,一般,Ｆ６転　４　６　６　６,2026-03-07,2026-03-11,10,三国,一般,２５２　５６４　５２,2026-02-23,2026-02-27,16,児島,一般,６　３２５１１６５,2026-02-10,2026-02-14,19,下関,一般,６　５　４５１３転６,2025-11-29,2025-12-04,21,芦屋,一般,１　１　６６６５１　１１,3482,金子 猛志,2026-04-12,2026-04-17,16,児島,一般,６　５　３６５２２４３３,2026-03-28,2026-04-03,08,常滑,一般,３１２　３２３５２６１５,2026-03-15,2026-03-20,03,江戸川,一般,３４２　３４３　４　３２,2026-03-01,2026-03-06,21,芦屋,一般,１２４４４　５３３　２５,2026-02-19,2026-02-23,24,大村,一般,１１３　２３１６５５
202604221410,2026-04-22,14,10R,4161,黒柳 浩孝,2026-04-10,2026-04-15,17,宮島,一般,５２３　３３１　２５３４,2026-04-01,2026-04-06,01,桐生,一般,３　３６４４５　２３３２,2026-03-19,2026-03-24,16,児島,一般,４　２２５６４３６　２１,2026-03-07,2026-03-10,03,江戸川,一般,５３３　２２３２,2026-02-25,2026-02-28,13,尼崎,一般,１　４５１５２６,5053,山口 広樹,2026-03-10,2026-03-15,22,福岡,一般,３　４２６６３　５４５３,2026-02-25,2026-02-28,13,尼崎,一般,４４５６５　５２,2026-02-05,2026-02-10,01,桐生,一般,５　２６Ｆ　６　４　４,2026-01-14,2026-01-19,07,蒲郡,ＧⅢ,５４３　４２１　４４５,2026-01-01,2026-01-06,20,若松,一般,１５１　２６５６２３６２,5280,廣瀬 凜,2026-04-09,2026-04-14,06,浜名湖,一般,１　１４４１１２３３２１,2026-03-25,2026-03-30,04,平和島,一般,３　３１２１２４２１[６],2026-03-12,2026-03-16,11,びわこ,一般,３１１１２　５２[３],2026-02-22,2026-02-27,11,びわこ,一般,２４１２３３１　１３３１,2026-02-11,2026-02-16,21,芦屋,一般,５　１３３３１３１５１１,5348,小林 甘寧,2026-04-09,2026-04-14,06,浜名湖,一般,１３５　転５１　６４３,2026-03-23,2026-03-27,12,住之江,一般,４５５　５　６　２５,2026-03-07,2026-03-10,03,江戸川,一般,４　５５５　４６,2026-02-17,2026-02-22,13,尼崎,一般,２　妨欠,2026-01-31,2026-02-03,10,三国,一般,５　６４５　５３,4425,大井 清貴,2026-03-30,2026-04-05,18,徳山,一般,６　２４３３３　３　５６,2026-03-14,2026-03-17,19,下関,一般,１３３４１６２４,2026-02-04,2026-02-09,18,徳山,一般,３２４１３　４５１６４６,2026-01-15,2026-01-20,09,津,一般,４　６５５　６１４２５,2026-01-07,2026-01-10,10,三国,一般,３　１３３５４,3246,星野 政彦,2026-04-03,2026-04-07,21,芦屋,一般,４　３６４　２５２４,2026-03-12,2026-03-16,11,びわこ,一般,１　５Ｆ５　５　６,2026-02-20,2026-02-25,17,宮島,一般,５　６５６　５５３６４５,2026-02-04,2026-02-07,04,平和島,一般,６　１５４４４,2025-11-27,2025-12-02,09,津,一般,２　３６１　４６５４４
202604221411,2026-04-22,14,11R,4538,笠置 博之,2026-04-11,2026-04-14,04,平和島,一般,１２５　５６６１,2026-04-01,2026-04-06,01,桐生,一般,２　１５１２２５６２[６],2026-03-20,2026-03-25,05,多摩川,一般,５１１　５６３　１　２１,2026-03-06,2026-03-11,17,宮島,一般,１　１１３　１１１１[１],2026-02-23,2026-02-28,23,からつ,一般,６２１　１６１　１３１２,4652,酒見 峻介,2026-04-12,2026-04-17,16,児島,一般,２５１６６　５６２　１３,2026-03-28,2026-04-02,23,からつ,一般,１　２４１　５４１４３転,2026-03-19,2026-03-23,19,下関,一般,３　５５５５４３６５,2026-03-08,2026-03-13,08,常滑,一般,４４５　６　６６５　Ｌ４,2026-01-31,2026-02-03,10,三国,一般,３　５５１５２６,5199,垂水 悠,2026-04-12,2026-04-17,16,児島,一般,３　２２２３５３４Ｆ２,2026-03-30,2026-04-04,15,丸亀,一般,１　５６１　５５１　１５,2026-03-20,2026-03-25,06,浜名湖,ＧⅢ,３３６　２　１３６　２６,2026-03-06,2026-03-09,23,からつ,一般,４６３　６　１２,2026-02-12,2026-02-17,17,宮島,一般,６　４１６　１４２５３,4263,武重 雄介,2026-04-09,2026-04-15,15,丸亀,一般,６　４５５　４５５　５３６,2026-03-28,2026-04-03,08,常滑,一般,６５６６６,2026-03-18,2026-03-22,24,大村,一般,５２６　３２４　１６,2026-03-06,2026-03-09,23,からつ,一般,２４２６１５３４,2026-02-22,2026-02-27,11,びわこ,一般,１５３　５４６２１　３２,4000,松本 博昭,2026-04-14,2026-04-19,20,若松,一般,４　５４２　４３４１３２,2026-03-30,2026-04-04,15,丸亀,一般,２　３５２３４１１４５６,2026-03-19,2026-03-24,16,児島,一般,２２５　２４２３１２[５],2026-03-06,2026-03-12,01,桐生,一般,１　４　４　１１４４３４１２,2026-02-20,2026-02-25,17,宮島,一般,４２２　３５３　４　２１,4040,廣瀬 将亨,2026-04-07,2026-04-13,24,大村,一般,５　２１１２４　４２１４１３,2026-03-27,2026-03-31,13,尼崎,一般,３１１３４　４２[４],2026-03-14,2026-03-17,19,下関,一般,１　４４５５６６,2026-02-28,2026-03-06,07,蒲郡,一般,１　２３３４１　５４５３２３,2026-02-19,2026-02-24,06,浜名湖,一般,転　４１２４１２５　１３
202604221412,2026-04-22,14,12R,4362,土屋 智則,2026-04-12,2026-04-17,01,桐生,ＧⅠ,１２４　４１３　２　[２],2026-04-03,2026-04-08,12,住之江,ＧⅠ,４　３２２　４５２５５３,2026-03-20,2026-03-25,06,浜名湖,ＧⅢ,２１４３４　１１２３１１,2026-03-10,2026-03-15,22,福岡,一般,２１１２３　３１２５２２,2026-03-02,2026-03-05,13,尼崎,一般,３１６５２１２３,4256,渡辺 浩司,2026-04-12,2026-04-17,01,桐生,ＧⅠ,４２２　１６１　６　４３,2026-03-22,2026-03-27,22,福岡,一般,２４２２２３２１４１[３],2026-03-09,2026-03-14,04,平和島,一般,３３４　２１３１３３２２,2026-02-21,2026-02-26,21,芦屋,一般,４２３　１３２２１２[３],2026-02-10,2026-02-15,13,尼崎,一般,１１２　２３１５２１[２],4980,佐々木 完太,2026-04-12,2026-04-17,01,桐生,ＧⅠ,４４１　２　６４１２５３,2026-04-03,2026-04-07,17,宮島,一般,４３１１２５３落１１,2026-03-24,2026-03-29,07,蒲郡,ＳＧ,５　１１４　２　エ　１５,2026-03-12,2026-03-17,21,芦屋,一般,４５１１１　２３２２[５],2026-03-02,2026-03-07,16,児島,ＧⅠ,２６１　６　２５４２２,5278,田中 駿兵,2026-04-09,2026-04-14,06,浜名湖,一般,１４１３２３２２１６１２,2026-03-25,2026-03-30,04,平和島,一般,２３１４１１４　１３５２,2026-03-16,2026-03-21,01,桐生,一般,１３４　１２４１１６４２,2026-03-07,2026-03-12,02,戸田,一般,１２２　１１１１１１[５],2026-02-26,2026-03-03,24,大村,一般,２３２２２　１　１１[５],4743,木村 仁紀,2026-04-12,2026-04-17,01,桐生,ＧⅠ,３　２５４　６２５５４,2026-04-03,2026-04-08,12,住之江,ＧⅠ,２　６４３　４　４１５６,2026-03-18,2026-03-23,08,常滑,一般,１６３５６５３２６３３５,2026-03-12,2026-03-16,11,びわこ,一般,２３１１６１３１[２],2026-03-02,2026-03-07,16,児島,ＧⅠ,３　１５６　３　６３５４,4089,妹尾 忠幸,2026-04-13,2026-04-18,03,江戸川,一般,１　１４１　２４２５２５,2026-04-03,2026-04-08,04,平和島,一般,３　１２３　３２２４５４,2026-03-12,2026-03-17,21,芦屋,一般,４４Ｆ２５　５　４　３,2026-03-04,2026-03-09,12,住之江,一般,２１４　３５３　２４２４,2026-02-23,2026-02-27,16,児島,一般,３１４５１　３６３３
202604221501,2026-04-22,15,01R,5123,福山 恵里奈,2026-04-08,2026-04-13,23,からつ,ＧⅢ,１６　　２　６１４６１６,2026-03-28,2026-04-02,24,大村,一般,４　２６５６５　３　５６,2026-03-19,2026-03-24,02,戸田,一般,６６６　４　６６６　６,2026-03-10,2026-03-15,18,徳山,ＧⅢ,５１２　６　３１１５５５,2026-02-17,2026-02-22,19,下関,一般,４　３３３　４４６　１４,4128,川口 貴久,2026-03-28,2026-03-31,05,多摩川,一般,６３４　５　４１,2026-03-19,2026-03-24,02,戸田,一般,３５４　６１４　２　３５,2026-03-08,2026-03-13,08,常滑,一般,５　１２　　４２２４１４,2026-02-21,2026-02-25,07,蒲郡,一般,４５１　４２１５１６,2026-02-04,2026-02-09,18,徳山,一般,１４３５１　２　５３３３,4145,小澤 学,2026-03-29,2026-04-03,06,浜名湖,一般,４　５６５　２２３　６５,2026-03-12,2026-03-15,14,鳴門,一般,４６５　３　２６,2026-03-01,2026-03-06,21,芦屋,一般,４５６　２６２　５３２,2026-02-14,2026-02-18,08,常滑,一般,５　４５３５６５６６,2026-01-25,2026-01-29,05,多摩川,一般,４　６４３　６４６,3604,武藤 綾子,2026-04-06,2026-04-10,08,常滑,一般,６４３　３　５３６３,2026-03-24,2026-03-29,10,三国,ＧⅢ,５６５　１　５４４　５３,2026-03-03,2026-03-08,11,びわこ,一般,５　４３２　４４３３３,2026-02-18,2026-02-23,22,福岡,一般,４４１　３２４３６５１,2026-01-29,2026-02-03,13,尼崎,一般,５２１　４６６　３２３５,5407,中岡 駿,2026-04-07,2026-04-13,24,大村,一般,５　６　５５４５６　６　落,2026-03-19,2026-03-24,16,児島,一般,５　６６６　３５５　６６,2026-03-02,2026-03-05,15,丸亀,一般,６　４２５　３５,2026-02-17,2026-02-22,13,尼崎,一般,６　３３６　４４３４４５,2026-01-31,2026-02-03,10,三国,一般,６　６６６　６６,4729,佐藤 謙史朗,2026-03-18,2026-03-23,14,鳴門,一般,２６６　３　３５５４５２,2026-03-07,2026-03-10,03,江戸川,一般,２３５　１３３５,2026-02-27,2026-03-05,18,徳山,一般,５３３　４１５　４４５６５６,2026-02-17,2026-02-21,10,三国,一般,４　欠欠,2026-01-29,2026-02-01,04,平和島,一般,５　６４６　４６
202604221502,2026-04-22,15,02R,5079,大石 真央,2026-04-01,2026-04-06,22,福岡,一般,１　３６１３４　２６２６,2026-03-17,2026-03-22,17,宮島,一般,３２３　２３３　３４１３,2026-03-02,2026-03-06,04,平和島,一般,１５５　６　１　６６,2026-02-14,2026-02-18,08,常滑,一般,６　５２１３５６４５,2026-02-06,2026-02-11,16,児島,一般,１６１　３５６　５６３６,4422,永井 亮次,2026-03-27,2026-03-31,16,児島,一般,２６１　３５３　４３,2026-03-11,2026-03-16,05,多摩川,一般,３６２　６　１２４２３５,2026-02-19,2026-02-23,18,徳山,一般,６１４　６　４６６,2026-02-05,2026-02-10,01,桐生,一般,４　６６１　６６６　６２,2026-01-23,2026-01-26,19,下関,一般,１　２６２２[６],3361,岡部 浩,2026-03-26,2026-03-31,17,宮島,一般,３　５５５　５５４３４５,2026-03-14,2026-03-17,19,下関,一般,６　６２６　２３,2026-02-28,2026-03-05,22,福岡,一般,３　３３２４４２欠欠,2026-02-11,2026-02-14,14,鳴門,一般,２　１４５１４５,2026-01-27,2026-02-01,12,住之江,一般,２１３　２５５　４６１６,5109,川崎 智稔,2026-04-10,2026-04-15,17,宮島,一般,２５５　４３４４５　２２,2026-03-23,2026-03-27,12,住之江,一般,３６１　３　２６２４,2026-03-10,2026-03-15,22,福岡,一般,３１５　３４６２４　２１,2026-03-01,2026-03-06,21,芦屋,一般,１１３　５４４３４４２６,2026-02-17,2026-02-21,10,三国,一般,６３３　４１２　３３,3518,倉田 郁美,2026-04-03,2026-04-08,04,平和島,一般,６　４３６　２３６　２４,2026-03-17,2026-03-22,17,宮島,一般,４３２　３５３　転５４６,2026-02-28,2026-03-05,22,福岡,一般,３　４５６　３２６　４２,2026-02-14,2026-02-18,08,常滑,一般,５　６４４　２６２,2026-01-30,2026-02-04,06,浜名湖,一般,３　１５２　１２１３２１,5390,高橋 涼夏,2026-04-01,2026-04-06,22,福岡,一般,６　４６５　６　５６６,2026-03-20,2026-03-25,05,多摩川,一般,６　Ｆ　５　４４６　６,2026-02-23,2026-02-28,23,からつ,一般,６６２　４６５　５５５,2026-01-21,2026-01-26,16,児島,一般,５　６５６　６５６　６６,2026-01-02,2026-01-07,01,桐生,一般,６　６　６６６６６６４
202604221503,2026-04-22,15,03R,3615,横田 茂,2026-03-28,2026-04-02,23,からつ,一般,４　４２５　３５４２１６,2026-03-12,2026-03-17,07,蒲郡,一般,２２６　６５転,2026-02-25,2026-03-01,02,戸田,一般,１　４２１６３６１２,2026-02-11,2026-02-14,14,鳴門,一般,５５３１５　３２,2026-01-26,2026-01-31,22,福岡,一般,５５５　４６４　３　６,3896,上田 洋平,2026-03-28,2026-04-02,02,戸田,一般,２３３　５５５　２　５３,2026-03-12,2026-03-16,11,びわこ,一般,６　３２５６５　６６,2026-03-02,2026-03-05,13,尼崎,一般,２３４　３５１５,2026-02-17,2026-02-22,19,下関,一般,２　２４４１４　３４６４,2026-02-04,2026-02-07,04,平和島,一般,４　１１１３[６],4619,伏田 裕隆,2026-04-05,2026-04-10,10,三国,一般,５　１２４３４５６　１５,2026-03-23,2026-03-27,12,住之江,一般,３５４５１　５　２３,2026-03-11,2026-03-16,05,多摩川,一般,３　６５２２６　５６,2026-02-25,2026-03-02,19,下関,ＧⅢ,６６１３６　３４１　６４,2026-02-11,2026-02-16,21,芦屋,一般,４　６５２５６５５　４６,3564,桑原 啓,2026-03-28,2026-04-02,24,大村,一般,５４６　２６２　５３６,2026-03-19,2026-03-25,15,丸亀,一般,５２２　６６６　６　２５２,2026-03-07,2026-03-10,03,江戸川,一般,１４６　６３３,2026-02-25,2026-03-02,19,下関,ＧⅢ,　　　　　　　　　　６６,2026-02-20,2026-02-25,17,宮島,一般,１３２　５５６６３　３５,3731,高濱 芳久,2026-03-29,2026-04-03,06,浜名湖,一般,６　４５６　６　５　３,2026-03-12,2026-03-17,07,蒲郡,一般,３　１３２４３２６３５１,2026-02-21,2026-02-26,21,芦屋,一般,３　３１１　３３転２[４],2026-02-04,2026-02-07,04,平和島,一般,３２１６３　６２,2026-01-21,2026-01-26,16,児島,一般,５４２　１５６５５　４,5008,羽野 諒,2026-02-25,2026-03-02,19,下関,ＧⅢ,　　　　　　　　　　４５,2026-02-23,2026-02-27,16,児島,一般,２　５６２２５４６,2026-02-17,2026-02-21,10,三国,一般,２　４４４５２　５４,2026-02-08,2026-02-11,23,からつ,一般,６３５６４　４,2026-01-21,2026-01-25,01,桐生,一般,６５５
202604221504,2026-04-22,15,04R,5192,中尾 優香,2026-04-08,2026-04-13,23,からつ,ＧⅢ,６　３　１４５　１　１６,2026-03-28,2026-04-03,08,常滑,一般,３４２　２５３　２３３１,2026-02-18,2026-02-23,22,福岡,一般,３６３２６５１　１　５５,2026-02-06,2026-02-11,16,児島,一般,１３６　６４４２１６５６,2026-01-22,2026-01-28,24,大村,一般,４　６６６４１３３　１　１,5037,田頭 虎親,2026-04-04,2026-04-09,16,児島,一般,１Ｆ２　２　６　６　６,2026-03-18,2026-03-22,24,大村,一般,３６２　３　２１２５,2026-03-08,2026-03-11,13,尼崎,一般,２　６４１５２４,2026-02-22,2026-02-27,11,びわこ,一般,１３３　６１６　２２[３],2026-02-02,2026-02-07,15,丸亀,一般,４　１３１５１５４２[１],3742,宮地 秀祈,2026-03-28,2026-04-02,02,戸田,一般,４　１６３　４５２　４,2026-03-15,2026-03-20,03,江戸川,一般,５　４６６　４６,2026-02-22,2026-02-28,12,住之江,一般,４６５　４　５２５,2026-02-03,2026-02-08,17,宮島,一般,３４１　３５２　１６２４,2026-01-12,2026-01-17,01,桐生,一般,３　２４１２３　５６２５,5172,田村 慶,2026-03-26,2026-03-31,17,宮島,一般,４４１　４６１　３　１６,2026-02-17,2026-02-22,13,尼崎,一般,５３２　４６６４３　４３,2026-01-25,2026-01-28,20,若松,一般,５４６　４　５４,2026-01-11,2026-01-17,14,鳴門,一般,３　５　２１落Ｆ２　４　５,2026-01-01,2026-01-06,14,鳴門,一般,３２２　５１４　５　２４,4821,妻鳥 晋也,2026-03-24,2026-03-29,09,津,一般,２４１　４５３　２６４５,2026-03-12,2026-03-17,21,芦屋,一般,２　６３２２２２妨４３,2026-02-25,2026-03-02,19,下関,ＧⅢ,５５３　１６１　３４１１,2026-02-10,2026-02-14,15,丸亀,一般,５５１　１６２　１４,2026-01-22,2026-01-26,23,からつ,一般,６６６　５６６６,4054,福嶋 智之,2026-04-03,2026-04-07,17,宮島,一般,１６２　２４２６１２,2026-03-18,2026-03-22,24,大村,一般,４　２５２６２　４,2026-02-28,2026-03-05,22,福岡,一般,５　４４４　６５５　６,2026-02-10,2026-02-16,07,蒲郡,一般,５３５　２１４　５６６５３,2026-01-21,2026-01-26,16,児島,一般,１２５　４６２３６６４２
202604221505,2026-04-22,15,05R,4608,荒井 翔伍,2026-04-11,2026-04-16,14,鳴門,一般,１２３４３６１　１５２６,2026-03-19,2026-03-25,15,丸亀,一般,転３２３４　２４５６,2026-03-08,2026-03-13,08,常滑,一般,３３２１エ,2026-02-24,2026-03-01,01,桐生,一般,４２妨２５　５５　　６２,2026-02-12,2026-02-17,17,宮島,一般,２　１３１５６２６２[２],3867,松浦 勝,2026-03-27,2026-03-31,13,尼崎,一般,４　５６５　５　３６,2026-03-12,2026-03-17,06,浜名湖,一般,１　６６６　２４６　６,2026-02-22,2026-02-27,11,びわこ,一般,４　４４６　６６４　６,2026-02-03,2026-02-08,17,宮島,一般,６　３１２　６５５２３,2026-01-22,2026-01-28,24,大村,一般,５　５６４　４６６４６　５,5123,福山 恵里奈,2026-04-08,2026-04-13,23,からつ,ＧⅢ,１６　　２　６１４６１６,2026-03-28,2026-04-02,24,大村,一般,４　２６５６５　３　５６,2026-03-19,2026-03-24,02,戸田,一般,６６６　４　６６６　６,2026-03-10,2026-03-15,18,徳山,ＧⅢ,５１２　６　３１１５５５,2026-02-17,2026-02-22,19,下関,一般,４　３３３　４４６　１４,4145,小澤 学,2026-03-29,2026-04-03,06,浜名湖,一般,４　５６５　２２３　６５,2026-03-12,2026-03-15,14,鳴門,一般,４６５　３　２６,2026-03-01,2026-03-06,21,芦屋,一般,４５６　２６２　５３２,2026-02-14,2026-02-18,08,常滑,一般,５　４５３５６５６６,2026-01-25,2026-01-29,05,多摩川,一般,４　６４３　６４６,3842,星野 太郎,2026-03-26,2026-03-31,19,下関,一般,１６１　４１５　５　４６,2026-03-11,2026-03-16,05,多摩川,一般,５６Ｆ　６　４　６　３,2026-02-26,2026-03-02,08,常滑,一般,３２１　４４３４１６,2026-02-10,2026-02-15,13,尼崎,一般,４５６　５２５　６　６６,2026-01-25,2026-01-30,18,徳山,一般,１　５１３２３５１３３５,4264,長尾 章平,2026-04-08,2026-04-12,11,びわこ,一般,３３２２４３２３３６,2026-03-27,2026-03-31,13,尼崎,一般,３２１２１１２１[１],2026-03-14,2026-03-17,19,下関,一般,１３２２３１[２],2026-03-01,2026-03-06,21,芦屋,一般,１２５　３２２１２１[４],2026-02-19,2026-02-23,24,大村,一般,１３２　５４５４２６
202604221506,2026-04-22,15,06R,4413,水摩 敦,2026-04-05,2026-04-10,02,戸田,一般,２　５３４３３５５３５３,2026-03-22,2026-03-27,22,福岡,一般,３３２　５６４３４　３５,2026-03-10,2026-03-15,20,若松,ＧⅢ,３１１　３３５１５２[６],2026-03-02,2026-03-05,13,尼崎,一般,６３５３１　２１,2026-02-19,2026-02-24,06,浜名湖,一般,３４４６,3361,岡部 浩,2026-03-26,2026-03-31,17,宮島,一般,３　５５５　５５４３４５,2026-03-14,2026-03-17,19,下関,一般,６　６２６　２３,2026-02-28,2026-03-05,22,福岡,一般,３　３３２４４２欠欠,2026-02-11,2026-02-14,14,鳴門,一般,２　１４５１４５,2026-01-27,2026-02-01,12,住之江,一般,２１３　２５５　４６１６,4786,佐藤 博亮,2026-04-05,2026-04-10,02,戸田,一般,４５１　１２２１２転,2026-03-22,2026-03-27,22,福岡,一般,３５１　２５１２３３３１,2026-03-11,2026-03-16,16,児島,一般,５５１１１　２１２６１４,2026-03-02,2026-03-05,13,尼崎,一般,３１４２１５１,2026-02-21,2026-02-25,07,蒲郡,一般,１　１５２５２６３２,5079,大石 真央,2026-04-01,2026-04-06,22,福岡,一般,１　３６１３４　２６２６,2026-03-17,2026-03-22,17,宮島,一般,３２３　２３３　３４１３,2026-03-02,2026-03-06,04,平和島,一般,１５５　６　１　６６,2026-02-14,2026-02-18,08,常滑,一般,６　５２１３５６４５,2026-02-06,2026-02-11,16,児島,一般,１６１　３５６　５６３６,4737,竹井 貴史,2026-04-05,2026-04-11,07,蒲郡,一般,１　１２１２３１２１３１[１],2026-03-22,2026-03-25,13,尼崎,一般,２１１２２　[２],2026-03-12,2026-03-15,14,鳴門,一般,１５４５３　２３,2026-02-27,2026-03-05,18,徳山,一般,１４１２１１１　２２３１[１],2026-02-14,2026-02-18,01,桐生,一般,１１１４１３５１[１],5407,中岡 駿,2026-04-07,2026-04-13,24,大村,一般,５　６　５５４５６　６　落,2026-03-19,2026-03-24,16,児島,一般,５　６６６　３５５　６６,2026-03-02,2026-03-05,15,丸亀,一般,６　４２５　３５,2026-02-17,2026-02-22,13,尼崎,一般,６　３３６　４４３４４５,2026-01-31,2026-02-03,10,三国,一般,６　６６６　６６
202604221507,2026-04-22,15,07R,4172,森定 晃史,2026-04-06,2026-04-10,08,常滑,一般,２　１２２３３１[２],2026-03-24,2026-03-29,09,津,一般,２　１３１５１４５４３３,2026-03-15,2026-03-20,03,江戸川,一般,３　６１２　４４３　４２,2026-02-27,2026-03-05,18,徳山,一般,４３４　３１２５１４１５５２,2026-02-15,2026-02-20,16,児島,一般,４２２５５２２　１３３２,3604,武藤 綾子,2026-04-06,2026-04-10,08,常滑,一般,６４３　３　５３６３,2026-03-24,2026-03-29,10,三国,ＧⅢ,５６５　１　５４４　５３,2026-03-03,2026-03-08,11,びわこ,一般,５　４３２　４４３３３,2026-02-18,2026-02-23,22,福岡,一般,４４１　３２４３６５１,2026-01-29,2026-02-03,13,尼崎,一般,５２１　４６６　３２３５,5109,川崎 智稔,2026-04-10,2026-04-15,17,宮島,一般,２５５　４３４４５　２２,2026-03-23,2026-03-27,12,住之江,一般,３６１　３　２６２４,2026-03-10,2026-03-15,22,福岡,一般,３１５　３４６２４　２１,2026-03-01,2026-03-06,21,芦屋,一般,１１３　５４４３４４２６,2026-02-17,2026-02-21,10,三国,一般,６３３　４１２　３３,4074,柳沢 一,2026-04-08,2026-04-12,11,びわこ,一般,３６２１４２２４２３,2026-03-28,2026-03-31,05,多摩川,一般,３６２３２２４６,2026-03-18,2026-03-23,08,常滑,一般,３１３２４１２１１１[２],2026-03-08,2026-03-13,24,大村,ＧⅠ,２　２４１　４４５　５３,2026-02-21,2026-02-25,07,蒲郡,一般,１５１２２１２１[３],5390,高橋 涼夏,2026-04-01,2026-04-06,22,福岡,一般,６　４６５　６　５６６,2026-03-20,2026-03-25,05,多摩川,一般,６　Ｆ　５　４４６　６,2026-02-23,2026-02-28,23,からつ,一般,６６２　４６５　５５５,2026-01-21,2026-01-26,16,児島,一般,５　６５６　６５６　６６,2026-01-02,2026-01-07,01,桐生,一般,６　６　６６６６６６４,4283,石井 裕美,2026-03-20,2026-03-25,05,多摩川,一般,３５６　３６３　１　４６,2026-03-10,2026-03-15,18,徳山,ＧⅢ,５　５２４　４６５４３,2026-02-26,2026-03-02,08,常滑,一般,３５３　４３４　６６,2026-02-12,2026-02-17,04,平和島,ＧⅢ,４５３　５　５４５　５３,2026-01-23,2026-01-28,03,江戸川,ＧⅢ,２４３　４１３　４４２
202604221508,2026-04-22,15,08R,4710,福田 宗平,2026-04-03,2026-04-07,17,宮島,一般,５３２　３６２　５１,2026-03-20,2026-03-25,06,浜名湖,ＧⅢ,５　５５４１２１１６１４,2026-02-22,2026-02-27,05,多摩川,一般,２１２５１６１　５５１５,2026-02-10,2026-02-14,19,下関,一般,４６３　２１４１[５],2026-01-29,2026-02-03,16,児島,一般,１６４４１１１　５２[６],4619,伏田 裕隆,2026-04-05,2026-04-10,10,三国,一般,５　１２４３４５６　１５,2026-03-23,2026-03-27,12,住之江,一般,３５４５１　５　２３,2026-03-11,2026-03-16,05,多摩川,一般,３　６５２２６　５６,2026-02-25,2026-03-02,19,下関,ＧⅢ,６６１３６　３４１　６４,2026-02-11,2026-02-16,21,芦屋,一般,４　６５２５６５５　４６,5172,田村 慶,2026-03-26,2026-03-31,17,宮島,一般,４４１　４６１　３　１６,2026-02-17,2026-02-22,13,尼崎,一般,５３２　４６６４３　４３,2026-01-25,2026-01-28,20,若松,一般,５４６　４　５４,2026-01-11,2026-01-17,14,鳴門,一般,３　５　２１落Ｆ２　４　５,2026-01-01,2026-01-06,14,鳴門,一般,３２２　５１４　５　２４,4821,妻鳥 晋也,2026-03-24,2026-03-29,09,津,一般,２４１　４５３　２６４５,2026-03-12,2026-03-17,21,芦屋,一般,２　６３２２２２妨４３,2026-02-25,2026-03-02,19,下関,ＧⅢ,５５３　１６１　３４１１,2026-02-10,2026-02-14,15,丸亀,一般,５５１　１６２　１４,2026-01-22,2026-01-26,23,からつ,一般,６６６　５６６６,3564,桑原 啓,2026-03-28,2026-04-02,24,大村,一般,５４６　２６２　５３６,2026-03-19,2026-03-25,15,丸亀,一般,５２２　６６６　６　２５２,2026-03-07,2026-03-10,03,江戸川,一般,１４６　６３３,2026-02-25,2026-03-02,19,下関,ＧⅢ,　　　　　　　　　　６６,2026-02-20,2026-02-25,17,宮島,一般,１３２　５５６６３　３５,4956,齊藤 大将,2026-03-29,2026-04-03,06,浜名湖,一般,３　３１　　２２４４１５,2026-03-11,2026-03-16,05,多摩川,一般,４　６６６　６５５　２,2026-02-22,2026-02-27,11,びわこ,一般,６５５　６　６６６　６６,2026-01-27,2026-02-01,21,芦屋,一般,５３４　４３６　５２４,2026-01-07,2026-01-11,07,蒲郡,一般,２　１３６６２３２２
202604221509,2026-04-22,15,09R,4264,長尾 章平,2026-04-08,2026-04-12,11,びわこ,一般,３３２２４３２３３６,2026-03-27,2026-03-31,13,尼崎,一般,３２１２１１２１[１],2026-03-14,2026-03-17,19,下関,一般,１３２２３１[２],2026-03-01,2026-03-06,21,芦屋,一般,１２５　３２２１２１[４],2026-02-19,2026-02-23,24,大村,一般,１３２　５４５４２６,3842,星野 太郎,2026-03-26,2026-03-31,19,下関,一般,１６１　４１５　５　４６,2026-03-11,2026-03-16,05,多摩川,一般,５６Ｆ　６　４　６　３,2026-02-26,2026-03-02,08,常滑,一般,３２１　４４３４１６,2026-02-10,2026-02-15,13,尼崎,一般,４５６　５２５　６　６６,2026-01-25,2026-01-30,18,徳山,一般,１　５１３２３５１３３５,3731,高濱 芳久,2026-03-29,2026-04-03,06,浜名湖,一般,６　４５６　６　５　３,2026-03-12,2026-03-17,07,蒲郡,一般,３　１３２４３２６３５１,2026-02-21,2026-02-26,21,芦屋,一般,３　３１１　３３転２[４],2026-02-04,2026-02-07,04,平和島,一般,３２１６３　６２,2026-01-21,2026-01-26,16,児島,一般,５４２　１５６５５　４,5037,田頭 虎親,2026-04-04,2026-04-09,16,児島,一般,１Ｆ２　２　６　６　６,2026-03-18,2026-03-22,24,大村,一般,３６２　３　２１２５,2026-03-08,2026-03-11,13,尼崎,一般,２　６４１５２４,2026-02-22,2026-02-27,11,びわこ,一般,１３３　６１６　２２[３],2026-02-02,2026-02-07,15,丸亀,一般,４　１３１５１５４２[１],3896,上田 洋平,2026-03-28,2026-04-02,02,戸田,一般,２３３　５５５　２　５３,2026-03-12,2026-03-16,11,びわこ,一般,６　３２５６５　６６,2026-03-02,2026-03-05,13,尼崎,一般,２３４　３５１５,2026-02-17,2026-02-22,19,下関,一般,２　２４４１４　３４６４,2026-02-04,2026-02-07,04,平和島,一般,４　１１１３[６],5192,中尾 優香,2026-04-08,2026-04-13,23,からつ,ＧⅢ,６　３　１４５　１　１６,2026-03-28,2026-04-03,08,常滑,一般,３４２　２５３　２３３１,2026-02-18,2026-02-23,22,福岡,一般,３６３２６５１　１　５５,2026-02-06,2026-02-11,16,児島,一般,１３６　６４４２１６５６,2026-01-22,2026-01-28,24,大村,一般,４　６６６４１３３　１　１
202604221510,2026-04-22,15,10R,5008,羽野 諒,2026-02-25,2026-03-02,19,下関,ＧⅢ,　　　　　　　　　　４５,2026-02-23,2026-02-27,16,児島,一般,２　５６２２５４６,2026-02-17,2026-02-21,10,三国,一般,２　４４４５２　５４,2026-02-08,2026-02-11,23,からつ,一般,６３５６４　４,2026-01-21,2026-01-25,01,桐生,一般,６５５,4413,水摩 敦,2026-04-05,2026-04-10,02,戸田,一般,２　５３４３３５５３５３,2026-03-22,2026-03-27,22,福岡,一般,３３２　５６４３４　３５,2026-03-10,2026-03-15,20,若松,ＧⅢ,３１１　３３５１５２[６],2026-03-02,2026-03-05,13,尼崎,一般,６３５３１　２１,2026-02-19,2026-02-24,06,浜名湖,一般,３４４６,4608,荒井 翔伍,2026-04-11,2026-04-16,14,鳴門,一般,１２３４３６１　１５２６,2026-03-19,2026-03-25,15,丸亀,一般,転３２３４　２４５６,2026-03-08,2026-03-13,08,常滑,一般,３３２１エ,2026-02-24,2026-03-01,01,桐生,一般,４２妨２５　５５　　６２,2026-02-12,2026-02-17,17,宮島,一般,２　１３１５６２６２[２],4737,竹井 貴史,2026-04-05,2026-04-11,07,蒲郡,一般,１　１２１２３１２１３１[１],2026-03-22,2026-03-25,13,尼崎,一般,２１１２２　[２],2026-03-12,2026-03-15,14,鳴門,一般,１５４５３　２３,2026-02-27,2026-03-05,18,徳山,一般,１４１２１１１　２２３１[１],2026-02-14,2026-02-18,01,桐生,一般,１１１４１３５１[１],4422,永井 亮次,2026-03-27,2026-03-31,16,児島,一般,２６１　３５３　４３,2026-03-11,2026-03-16,05,多摩川,一般,３６２　６　１２４２３５,2026-02-19,2026-02-23,18,徳山,一般,６１４　６　４６６,2026-02-05,2026-02-10,01,桐生,一般,４　６６１　６６６　６２,2026-01-23,2026-01-26,19,下関,一般,１　２６２２[６],3615,横田 茂,2026-03-28,2026-04-02,23,からつ,一般,４　４２５　３５４２１６,2026-03-12,2026-03-17,07,蒲郡,一般,２２６　６５転,2026-02-25,2026-03-01,02,戸田,一般,１　４２１６３６１２,2026-02-11,2026-02-14,14,鳴門,一般,５５３１５　３２,2026-01-26,2026-01-31,22,福岡,一般,５５５　４６４　３　６
202604221511,2026-04-22,15,11R,4054,福嶋 智之,2026-04-03,2026-04-07,17,宮島,一般,１６２　２４２６１２,2026-03-18,2026-03-22,24,大村,一般,４　２５２６２　４,2026-02-28,2026-03-05,22,福岡,一般,５　４４４　６５５　６,2026-02-10,2026-02-16,07,蒲郡,一般,５３５　２１４　５６６５３,2026-01-21,2026-01-26,16,児島,一般,１２５　４６２３６６４２,4172,森定 晃史,2026-04-06,2026-04-10,08,常滑,一般,２　１２２３３１[２],2026-03-24,2026-03-29,09,津,一般,２　１３１５１４５４３３,2026-03-15,2026-03-20,03,江戸川,一般,３　６１２　４４３　４２,2026-02-27,2026-03-05,18,徳山,一般,４３４　３１２５１４１５５２,2026-02-15,2026-02-20,16,児島,一般,４２２５５２２　１３３２,4074,柳沢 一,2026-04-08,2026-04-12,11,びわこ,一般,３６２１４２２４２３,2026-03-28,2026-03-31,05,多摩川,一般,３６２３２２４６,2026-03-18,2026-03-23,08,常滑,一般,３１３２４１２１１１[２],2026-03-08,2026-03-13,24,大村,ＧⅠ,２　２４１　４４５　５３,2026-02-21,2026-02-25,07,蒲郡,一般,１５１２２１２１[３],4710,福田 宗平,2026-04-03,2026-04-07,17,宮島,一般,５３２　３６２　５１,2026-03-20,2026-03-25,06,浜名湖,ＧⅢ,５　５５４１２１１６１４,2026-02-22,2026-02-27,05,多摩川,一般,２１２５１６１　５５１５,2026-02-10,2026-02-14,19,下関,一般,４６３　２１４１[５],2026-01-29,2026-02-03,16,児島,一般,１６４４１１１　５２[６],4128,川口 貴久,2026-03-28,2026-03-31,05,多摩川,一般,６３４　５　４１,2026-03-19,2026-03-24,02,戸田,一般,３５４　６１４　２　３５,2026-03-08,2026-03-13,08,常滑,一般,５　１２　　４２２４１４,2026-02-21,2026-02-25,07,蒲郡,一般,４５１　４２１５１６,2026-02-04,2026-02-09,18,徳山,一般,１４３５１　２　５３３３,4786,佐藤 博亮,2026-04-05,2026-04-10,02,戸田,一般,４５１　１２２１２転,2026-03-22,2026-03-27,22,福岡,一般,３５１　２５１２３３３１,2026-03-11,2026-03-16,16,児島,一般,５５１１１　２１２６１４,2026-03-02,2026-03-05,13,尼崎,一般,３１４２１５１,2026-02-21,2026-02-25,07,蒲郡,一般,１　１５２５２６３２
202604221512,2026-04-22,15,12R,4436,渋谷 明憲,2026-04-05,2026-04-11,07,蒲郡,一般,３　２３１　３１１２４２[３],2026-03-20,2026-03-25,06,浜名湖,ＧⅢ,４３１３１　４６６２[６],2026-03-09,2026-03-14,04,平和島,一般,１５１　２１２４１２[６],2026-02-25,2026-02-28,13,尼崎,一般,２２６１５　２４,2026-02-15,2026-02-20,16,児島,一般,２１５２３５５　５５５３,4468,大池 佑来,2026-04-08,2026-04-12,11,びわこ,一般,１２３１３１５１[１],2026-03-18,2026-03-22,24,大村,一般,５６４１２　１５３４,2026-03-04,2026-03-09,12,住之江,一般,３４４１４６,2026-02-18,2026-02-24,03,江戸川,ＧⅠ,２　４３１　４　４　１６,2026-02-06,2026-02-11,05,多摩川,ＧⅠ,６　１５６　２２５　５２,5298,水谷 理人,2026-04-03,2026-04-07,17,宮島,一般,４２４　１３４２[３],2026-02-22,2026-02-28,12,住之江,一般,３　１４３　５５２４転　３４,2026-02-10,2026-02-15,06,浜名湖,一般,２　１１１２１３２１[３],2026-01-31,2026-02-05,14,鳴門,ＧⅠ,１　４４３　４２６　１４,2026-01-20,2026-01-26,10,三国,一般,３３１３３１３　１２[３],4287,今井 貴士,2026-03-11,2026-03-16,16,児島,一般,３　３４２５３３１５２１,2026-02-28,2026-03-05,22,福岡,一般,６４２　６３,2026-02-15,2026-02-20,20,若松,ＧⅠ,５　６　３３４４３４５,2026-01-30,2026-02-04,23,からつ,ＧⅠ,Ｆ　３　４３５　２　２,2026-01-14,2026-01-19,07,蒲郡,ＧⅢ,２６１　２６３４２２[５],4363,大野 芳顕,2026-04-05,2026-04-10,02,戸田,一般,２　２５２６４１２５２５,2026-03-20,2026-03-25,06,浜名湖,ＧⅢ,４１５３３　３３１５４６,2026-03-09,2026-03-14,04,平和島,一般,５　５５２５４４３６１,2026-02-28,2026-03-03,03,江戸川,一般,１１４３４　４４,2026-02-15,2026-02-20,16,児島,一般,４２５４２　４３１３２１,4950,高岡 竜也,2026-04-04,2026-04-09,16,児島,一般,３４１４３４４　１　２３,2026-03-20,2026-03-25,18,徳山,一般,１１２　４３４１４１[６],2026-03-12,2026-03-15,14,鳴門,一般,４２１１３１[４],2026-03-02,2026-03-06,04,平和島,一般,３５４５　　２　３１,2026-02-21,2026-02-26,21,芦屋,一般,１　２３３６１１１３２１
202604221701,2026-04-22,17,01R,4084,杉山 正樹,2026-04-12,2026-04-17,16,児島,一般,５４４１２１６　１５１４,2026-04-02,2026-04-07,09,津,ＧⅠ,３　３４４　２３１２２,2026-03-20,2026-03-25,06,浜名湖,ＧⅢ,２４２５４２２１４２[４],2026-03-12,2026-03-15,14,鳴門,一般,３３４１３２[３],2026-02-28,2026-03-06,07,蒲郡,一般,１５２１３　１１６６１１１５,4033,伊藤 将吉,2026-04-04,2026-04-09,16,児島,一般,４５５２４５１　１６２,2026-03-20,2026-03-25,05,多摩川,一般,２２３５１　１６５１[Ｆ],2026-03-12,2026-03-15,14,鳴門,一般,２２２１２１[１],2026-03-01,2026-03-06,06,浜名湖,一般,２３１１４４２　２３６５,2026-02-19,2026-02-23,18,徳山,一般,２１１５３２３５１３,3388,今垣 光太郎,2026-04-11,2026-04-16,22,福岡,ＧⅠ,４　２　６２２　１５１６,2026-04-03,2026-04-07,21,芦屋,一般,１２４　２１４１[落],2026-03-17,2026-03-22,23,からつ,ＧⅡ,５欠,2026-03-08,2026-03-13,24,大村,ＧⅠ,２２５　３　３２５　１１,2026-02-15,2026-02-20,20,若松,ＧⅠ,３　３６６,4050,田口 節子,2026-04-08,2026-04-13,23,からつ,ＧⅢ,１３　　２１１２３１[２],2026-03-24,2026-03-29,10,三国,ＧⅢ,４１３２１２３　２１[６],2026-03-11,2026-03-16,16,児島,一般,４１３　１６１４３４１６,2026-02-24,2026-03-01,14,鳴門,ＧⅠ,６１３　３　４２３　６２,2026-02-10,2026-02-15,13,尼崎,一般,３３６１４　１１２２[６],3557,太田 和美,2026-04-12,2026-04-17,01,桐生,ＧⅠ,５　１２２　４４６　２５,2026-04-03,2026-04-08,12,住之江,ＧⅠ,５　２６３　５５２５２,2026-03-19,2026-03-24,16,児島,一般,１２１１２　１２転１[１],2026-03-08,2026-03-13,08,常滑,一般,２１１３２　３２３２[４],2026-02-22,2026-02-27,05,多摩川,一般,２１２　３３２１１１[３],3743,林 美憲,2026-04-11,2026-04-16,14,鳴門,一般,６２６　２６５６４　１３,2026-03-28,2026-04-02,23,からつ,一般,６５２３５　６４４　２,2026-03-18,2026-03-22,24,大村,一般,６　２２５１１３２２,2026-01-31,2026-02-05,14,鳴門,ＧⅠ,２６６　５　５５４　５,2026-01-21,2026-01-26,04,平和島,一般,２　１４３２５３３６２６
202604221702,2026-04-22,17,02R,3435,寺田 千恵,2026-04-08,2026-04-13,23,からつ,ＧⅢ,２６　　１３３４１５４４,2026-03-24,2026-03-29,10,三国,ＧⅢ,４３１３５　４１４３４１,2026-03-10,2026-03-15,18,徳山,ＧⅢ,２４２　２１４１２１[４],2026-02-24,2026-03-01,14,鳴門,ＧⅠ,４５５　２　４６５　２,2026-02-12,2026-02-17,04,平和島,ＧⅢ,４５２　３１２１３１[５],3952,中澤 和志,2026-04-07,2026-04-13,24,大村,一般,４３２　４３３　１４５６１５,2026-03-28,2026-04-02,02,戸田,一般,３２２１３　２１４１[１],2026-03-14,2026-03-19,13,尼崎,ＧⅠ,２５６　４１３　転１３４,2026-03-06,2026-03-09,23,からつ,一般,１５４２２５２１,2026-02-21,2026-02-26,21,芦屋,一般,４１１１１３１　１１[１],4013,中島 孝平,2026-04-11,2026-04-16,22,福岡,ＧⅠ,３３６　５２１　５　１６,2026-04-02,2026-04-07,09,津,ＧⅠ,５４２　６３５　４　３,2026-03-14,2026-03-19,13,尼崎,ＧⅠ,２１６　３３４　３　４１,2026-03-06,2026-03-09,23,からつ,一般,２１２２４１[１],2026-02-18,2026-02-24,03,江戸川,ＧⅠ,６　６６１　２　４１２,4136,江夏 満,2026-04-05,2026-04-11,07,蒲郡,一般,１６欠　１１１４,2026-03-22,2026-03-25,13,尼崎,一般,３２１３４２[４],2026-03-14,2026-03-17,19,下関,一般,２６１６４５１２,2026-03-04,2026-03-09,12,住之江,一般,５１３　２５３　２４４２,2026-02-22,2026-02-27,11,びわこ,一般,３４３１３　５３２　５１,3415,松井 繁,2026-04-12,2026-04-17,01,桐生,ＧⅠ,５　５１３　５５４１３,2026-04-03,2026-04-08,12,住之江,ＧⅠ,１　２３１　２２１　[１],2026-03-24,2026-03-29,07,蒲郡,ＳＧ,１　３１４　６　６　２４,2026-03-14,2026-03-19,13,尼崎,ＧⅠ,５２２　１　３６５　１４,2026-03-02,2026-03-07,16,児島,ＧⅠ,５　１１３４３　１　[３],4083,福島 勇樹,2026-04-10,2026-04-15,17,宮島,一般,２４２　１５１１６１[１],2026-03-28,2026-04-02,23,からつ,一般,１４１１１　１１４１[１],2026-03-15,2026-03-20,03,江戸川,一般,５　３１２　１１１２[１],2026-03-02,2026-03-05,15,丸亀,一般,１２１２２１[３],2026-02-21,2026-02-25,07,蒲郡,一般,１４３３１６６３２１
202604221703,2026-04-22,17,03R,4137,君島 秀三,2026-04-11,2026-04-16,14,鳴門,一般,３４１４２１１　４２[６],2026-04-03,2026-04-07,21,芦屋,一般,２　１６１４１３２１,2026-03-19,2026-03-25,15,丸亀,一般,２６２１３４２　４４２４３５,2026-03-06,2026-03-11,17,宮島,一般,１６４３３１３　５２[２],2026-02-19,2026-02-24,06,浜名湖,一般,４２３３２１２４１４１２,4051,清水 敦揮,2026-03-18,2026-03-21,04,平和島,一般,４　３４２１４１,2026-03-06,2026-03-11,17,宮島,一般,２５３　１１３３２３３１,2026-02-21,2026-02-25,07,蒲郡,一般,２２３１１３５５２４,2026-02-08,2026-02-11,20,若松,一般,１５１３３４１２,2026-01-29,2026-02-03,19,下関,ＧⅠ,１６３　４　３３４３２,3783,瓜生 正義,2026-04-11,2026-04-16,22,福岡,ＧⅠ,６３４　５１４　５１５,2026-04-02,2026-04-07,09,津,ＧⅠ,６２３　１４１　３　５１,2026-03-22,2026-03-27,22,福岡,一般,２１２２５２２３３１[４],2026-03-08,2026-03-13,24,大村,ＧⅠ,３　４５５　５　１４４,2026-02-26,2026-03-02,08,常滑,一般,２１３１１２３１[２],3590,濱野谷 憲吾,2026-04-02,2026-04-07,09,津,ＧⅠ,３５５　３　５２２３６,2026-03-17,2026-03-22,23,からつ,ＧⅡ,４　６５,2026-03-08,2026-03-13,24,大村,ＧⅠ,６　６１６,2026-02-24,2026-03-01,01,桐生,一般,２１４３１　１６２　３１,2026-02-15,2026-02-20,20,若松,ＧⅠ,２　５４６２１　４　３２,3909,佐々木 康幸,2026-04-05,2026-04-11,07,蒲郡,一般,３５２４１　１１３１６１[５],2026-03-22,2026-03-25,13,尼崎,一般,３４１５２１５２,2026-03-12,2026-03-15,14,鳴門,一般,２４５１４５１４,2026-03-01,2026-03-06,06,浜名湖,一般,１２１３１　３１２１[２],2026-02-17,2026-02-22,19,下関,一般,２３４３１　６　３２[３],3897,白井 英治,2026-04-12,2026-04-17,01,桐生,ＧⅠ,２１２　１　４２１　[１],2026-04-03,2026-04-08,12,住之江,ＧⅠ,３６２　２４１　３　２１,2026-03-24,2026-03-29,07,蒲郡,ＳＧ,６　１３２　４４３　３４,2026-03-08,2026-03-13,24,大村,ＧⅠ,３　１　６１２６２　[４],2026-02-25,2026-03-02,19,下関,ＧⅢ,４６１１２　１２３２[６]
202604221704,2026-04-22,17,04R,3737,上平 真二,2026-04-11,2026-04-16,14,鳴門,一般,１３１１１　３１４１[３],2026-03-18,2026-03-22,24,大村,一般,４３２１４　３２[２],2026-03-07,2026-03-11,10,三国,一般,２２１２３２３２[５],2026-02-22,2026-02-28,12,住之江,一般,３１３　５４１１３２３２[３],2026-02-10,2026-02-15,13,尼崎,一般,４２１１５　３１５４４２,3721,守田 俊介,2026-04-12,2026-04-17,16,児島,一般,２１３　３５３１４２[３],2026-04-03,2026-04-08,04,平和島,一般,１１２５１２１　６１[４],2026-03-24,2026-03-29,07,蒲郡,ＳＧ,１　３４２　５　４３４,2026-03-14,2026-03-17,19,下関,一般,２１３１３４６２,2026-02-04,2026-02-09,12,住之江,ＧⅠ,４２６　５６１　妨６,4002,古結 宏,2026-04-12,2026-04-17,01,桐生,ＧⅠ,２　１３６　５５,2026-03-29,2026-04-03,06,浜名湖,一般,２　３１１　１４３２[４],2026-03-14,2026-03-19,13,尼崎,ＧⅠ,４　３２３　５４４６２,2026-02-24,2026-03-01,01,桐生,一般,６　１５１４１４３　５４,2026-02-13,2026-02-18,11,びわこ,一般,２１３１１１妨３,4044,湯川 浩司,2026-04-12,2026-04-17,01,桐生,ＧⅠ,１１３　４　４３４　２６,2026-04-03,2026-04-08,12,住之江,ＧⅠ,３５４　１　６４６４１,2026-03-17,2026-03-22,23,からつ,ＧⅡ,１１３　２２４　２　[２],2026-02-28,2026-03-06,07,蒲郡,一般,１１１　１１２３１１３１[１],2026-02-18,2026-02-24,03,江戸川,ＧⅠ,３　３１３　２３１　[２],3744,徳増 秀樹,2026-04-09,2026-04-15,15,丸亀,一般,１２４１１　２１３１３１[１],2026-03-27,2026-03-31,16,児島,一般,３５３１１３１５３１,2026-03-14,2026-03-19,13,尼崎,ＧⅠ,５　２６１　２５３３３６,2026-03-01,2026-03-06,06,浜名湖,一般,１１２１１　４１２１[１],2026-02-19,2026-02-23,24,大村,一般,４２１１５　４５１６,3716,石渡 鉄兵,2026-04-12,2026-04-17,01,桐生,ＧⅠ,５　４　２６６５３　３６,2026-04-03,2026-04-07,21,芦屋,一般,２３１１１　２１[２],2026-03-24,2026-03-29,07,蒲郡,ＳＧ,５５２　５　５６４　４３,2026-03-08,2026-03-13,24,大村,ＧⅠ,４　４３６　３２１　２２,2026-02-18,2026-02-24,03,江戸川,ＧⅠ,Ｆ　４　２５４　３１３
202604221705,2026-04-22,17,05R,3822,平尾 崇典,2026-04-12,2026-04-17,16,児島,一般,２２２２３,2026-03-28,2026-04-02,24,大村,一般,３５１　２　２１１２[４],2026-03-14,2026-03-19,13,尼崎,ＧⅠ,３　３６５　５５５　５６,2026-02-08,2026-02-12,03,江戸川,一般,１　３３落欠,2026-01-29,2026-02-03,19,下関,ＧⅠ,４１３　５３２　５１５,3997,北村 征嗣,2026-04-12,2026-04-17,16,児島,一般,５　３５３１２１１３１２,2026-04-03,2026-04-07,21,芦屋,一般,１５１　４４５３３１,2026-03-20,2026-03-25,06,浜名湖,ＧⅢ,２５４　１５２３１４５３,2026-03-09,2026-03-14,04,平和島,一般,３　１２２２４１３２[３],2026-02-23,2026-02-28,23,からつ,一般,３１１４２１１　３１[５],3159,江口 晃生,2026-04-11,2026-04-14,04,平和島,一般,１３２１１２[１],2026-04-01,2026-04-06,01,桐生,一般,１１１　１２１６５１[１],2026-03-12,2026-03-17,06,浜名湖,一般,２３３３２１２　Ｆ２３,2026-03-02,2026-03-05,15,丸亀,一般,４６欠欠,2026-02-21,2026-02-26,04,平和島,一般,３１１３２６３　４３１１,4102,益田 啓司,2026-04-05,2026-04-11,07,蒲郡,一般,５４２１２　２３１６２３４１,2026-03-24,2026-03-29,09,津,一般,１　３２１１５１５１[６],2026-03-11,2026-03-16,16,児島,一般,１４１５２　１６３２[３],2026-02-21,2026-02-26,21,芦屋,一般,１４１５３　１１１１[２],2026-02-10,2026-02-14,19,下関,一般,４４３１２　１５３２,3422,服部 幸男,2026-04-05,2026-04-11,07,蒲郡,一般,２１４　５５２２１　２１１３,2026-03-28,2026-03-31,05,多摩川,一般,３５１３１１[２],2026-03-12,2026-03-16,11,びわこ,一般,３５２４６１４２[６],2026-02-27,2026-03-05,18,徳山,一般,４６４４１　６４１６１　４１,2026-02-17,2026-02-22,19,下関,一般,６１５　２１３１６３[６],3941,池田 浩二,2026-04-12,2026-04-17,01,桐生,ＧⅠ,６４１　２１６　４　５６,2026-03-24,2026-03-29,07,蒲郡,ＳＧ,５　３３２　４３５３６,2026-03-14,2026-03-19,13,尼崎,ＧⅠ,３　４１２１６　２　[３],2026-03-02,2026-03-07,16,児島,ＧⅠ,２３２　４　２１１　[１],2026-02-15,2026-02-20,20,若松,ＧⅠ,３　４１３　２１１　[２]
202604221706,2026-04-22,17,06R,3719,辻 栄蔵,2026-04-04,2026-04-09,16,児島,一般,転欠,2026-03-26,2026-03-31,19,下関,一般,４１４６２１１　２　１３,2026-03-17,2026-03-22,23,からつ,ＧⅡ,３２１　３２３　２　[３],2026-03-08,2026-03-13,24,大村,ＧⅠ,３３４　３３３　４１５,2026-02-24,2026-03-01,01,桐生,一般,１３１２２１１　３　[１],3743,林 美憲,2026-04-11,2026-04-16,14,鳴門,一般,６２６　２６５６４　１３,2026-03-28,2026-04-02,23,からつ,一般,６５２３５　６４４　２,2026-03-18,2026-03-22,24,大村,一般,６　２２５１１３２２,2026-01-31,2026-02-05,14,鳴門,ＧⅠ,２６６　５　５５４　５,2026-01-21,2026-01-26,04,平和島,一般,２　１４３２５３３６２６,3876,中辻 崇人,2026-04-12,2026-04-17,16,児島,一般,３５１　１５１１６１[６],2026-04-03,2026-04-07,21,芦屋,一般,３１１１２　３１[転],2026-03-24,2026-03-29,07,蒲郡,ＳＧ,４　６４５　Ｆ　４　３,2026-03-08,2026-03-13,24,大村,ＧⅠ,１５１　２４４　３　１２,2026-02-18,2026-02-24,03,江戸川,ＧⅠ,４　５　３４５　２欠,3908,重成 一人,2026-04-07,2026-04-13,24,大村,一般,１１３　４１１　１１３１[１],2026-03-27,2026-03-31,16,児島,一般,１１２６２４２２[２],2026-02-15,2026-02-20,20,若松,ＧⅠ,４　３２５　５４３３４,2026-01-31,2026-02-05,14,鳴門,ＧⅠ,３　３５１４４　１　３転,2026-01-22,2026-01-26,23,からつ,一般,３１１１１　２１[１],3556,田中 信一郎,2026-04-03,2026-04-08,12,住之江,ＧⅠ,２　４６１　２　５　３６,2026-03-19,2026-03-24,02,戸田,一般,２１４　３１３１２１[５],2026-03-07,2026-03-11,10,三国,一般,４５,2026-02-23,2026-02-27,16,児島,一般,１１２３３３４２[３],2026-02-14,2026-02-18,08,常滑,一般,２１４５２５１１[２],4019,笠原 亮,2026-04-03,2026-04-08,12,住之江,ＧⅠ,１　５５５　６４５６６,2026-03-24,2026-03-29,07,蒲郡,ＳＧ,６　２　４２６　４１５,2026-03-06,2026-03-12,01,桐生,一般,３１２　　　４２１４２２[３],2026-02-25,2026-02-28,13,尼崎,一般,１１４２１４[３],2026-02-17,2026-02-21,10,三国,一般,２５１２２３６２[３]
202604221707,2026-04-22,17,07R,3942,寺田 祥,2026-04-03,2026-04-08,12,住之江,ＧⅠ,５　６４２,2026-03-19,2026-03-23,19,下関,一般,２１２２１１４１[２],2026-03-10,2026-03-15,22,福岡,一般,６３,2026-03-01,2026-03-06,21,芦屋,一般,２１２１１　１２１１[１],2026-02-15,2026-02-20,20,若松,ＧⅠ,５　６６,4024,井口 佳典,2026-04-11,2026-04-16,22,福岡,ＧⅠ,２　２５４　６５４　６２,2026-04-02,2026-04-07,09,津,ＧⅠ,２妨２　１　６１５　１,2026-03-17,2026-03-22,23,からつ,ＧⅡ,２２４　６　４３２２２,2026-03-08,2026-03-13,24,大村,ＧⅠ,５　６５３　１　５５６,2026-02-18,2026-02-24,03,江戸川,ＧⅠ,１Ｆ５　５５４　３１３,3960,菊地 孝平,2026-04-11,2026-04-16,22,福岡,ＧⅠ,５　５６３４５　１　３４,2026-04-02,2026-04-07,09,津,ＧⅠ,１１６　１　５５６　１５,2026-03-17,2026-03-22,23,からつ,ＧⅡ,５　２５４４４　４１２,2026-03-08,2026-03-13,24,大村,ＧⅠ,４　４　４１３　４　１４,2026-02-24,2026-03-01,01,桐生,一般,２２２１１　１２４　[４],3532,柴田 光,2026-04-12,2026-04-17,01,桐生,ＧⅠ,５　４４３　４５６２１,2026-01-02,2026-01-07,01,桐生,一般,４　転欠,2025-12-22,2025-12-26,09,津,一般,６欠,2025-12-11,2025-12-15,15,丸亀,一般,２２１１２１２１[２],2025-11-29,2025-12-04,01,桐生,一般,３１２　４６１　５３Ｆ３,4084,杉山 正樹,2026-04-12,2026-04-17,16,児島,一般,５４４１２１６　１５１４,2026-04-02,2026-04-07,09,津,ＧⅠ,３　３４４　２３１２２,2026-03-20,2026-03-25,06,浜名湖,ＧⅢ,２４２５４２２１４２[４],2026-03-12,2026-03-15,14,鳴門,一般,３３４１３２[３],2026-02-28,2026-03-06,07,蒲郡,一般,１５２１３　１１６６１１１５,4614,石倉 洋行,2026-04-07,2026-04-13,24,大村,一般,２２５　１１４　５２１３３１,2026-03-27,2026-03-31,13,尼崎,一般,１４２１２４２１１,2026-02-18,2026-02-24,03,江戸川,ＧⅠ,５　６４５　４５６　５３,2026-02-11,2026-02-14,14,鳴門,一般,１１１３３３１１,2026-01-15,2026-01-20,09,津,一般,５３１　１５４４４５
202604221708,2026-04-22,17,08R,3024,西島 義則,2026-04-11,2026-04-16,14,鳴門,一般,１　１２１１６１５２[４],2026-03-22,2026-03-25,13,尼崎,一般,２３１１１１[１],2026-03-11,2026-03-16,16,児島,一般,転６１　３３３２２２２５,2026-03-02,2026-03-05,15,丸亀,一般,２４１１６１[１],2026-02-20,2026-02-25,17,宮島,一般,５４４６５　Ｆ５２　２,3557,太田 和美,2026-04-12,2026-04-17,01,桐生,ＧⅠ,５　１２２　４４６　２５,2026-04-03,2026-04-08,12,住之江,ＧⅠ,５　２６３　５５２５２,2026-03-19,2026-03-24,16,児島,一般,１２１１２　１２転１[１],2026-03-08,2026-03-13,08,常滑,一般,２１１３２　３２３２[４],2026-02-22,2026-02-27,05,多摩川,一般,２１２　３３２１１１[３],3959,坪井 康晴,2026-04-03,2026-04-08,12,住之江,ＧⅠ,転,2026-03-24,2026-03-29,09,津,一般,３１２１１　１１１１[１],2026-03-14,2026-03-19,13,尼崎,ＧⅠ,４　４５１　４３６２１４,2026-03-02,2026-03-07,16,児島,ＧⅠ,３５４　６　２５３　３４,2026-02-18,2026-02-24,03,江戸川,ＧⅠ,５　４３３　２　２４４,3779,原田 幸哉,2026-04-12,2026-04-17,01,桐生,ＧⅠ,１４６　１５６　２２６１,2026-04-03,2026-04-08,12,住之江,ＧⅠ,５　４５６,2026-03-24,2026-03-29,07,蒲郡,ＳＧ,４５５　６　１３４　５３,2026-03-08,2026-03-13,24,大村,ＧⅠ,１　１６２　１５転　１５,2026-02-25,2026-03-02,19,下関,ＧⅢ,４１４４５　３４,3629,浅見 昌克,2026-04-12,2026-04-17,16,児島,一般,３３１５４　Ｆ３３　５,2026-03-28,2026-04-02,24,大村,一般,２　１５１　１２１４１４,2026-03-18,2026-03-21,04,平和島,一般,３６１１４　１４,2026-03-06,2026-03-12,01,桐生,一般,欠,2026-02-19,2026-02-23,18,徳山,一般,２４３４１　５３３３,4013,中島 孝平,2026-04-11,2026-04-16,22,福岡,ＧⅠ,３３６　５２１　５　１６,2026-04-02,2026-04-07,09,津,ＧⅠ,５４２　６３５　４　３,2026-03-14,2026-03-19,13,尼崎,ＧⅠ,２１６　３３４　３　４１,2026-03-06,2026-03-09,23,からつ,一般,２１２２４１[１],2026-02-18,2026-02-24,03,江戸川,ＧⅠ,６　６６１　２　４１２
202604221709,2026-04-22,17,09R,3554,仲口 博崇,2026-04-04,2026-04-09,16,児島,一般,１１２４５　１１３１[１],2026-03-26,2026-03-31,21,芦屋,ＧⅢ,４１１５３　２３６３５１,2026-03-12,2026-03-17,07,蒲郡,一般,２２５５３１１３１３２１,2026-02-27,2026-03-05,18,徳山,一般,３２４１２妨６　１　４２２,2026-02-17,2026-02-22,19,下関,一般,６６６１４　２　１　４１,3897,白井 英治,2026-04-12,2026-04-17,01,桐生,ＧⅠ,２１２　１　４２１　[１],2026-04-03,2026-04-08,12,住之江,ＧⅠ,３６２　２４１　３　２１,2026-03-24,2026-03-29,07,蒲郡,ＳＧ,６　１３２　４４３　３４,2026-03-08,2026-03-13,24,大村,ＧⅠ,３　１　６１２６２　[４],2026-02-25,2026-03-02,19,下関,ＧⅢ,４６１１２　１２３２[６],3898,平田 忠則,2026-04-01,2026-04-06,01,桐生,一般,１２４２３５１　２３４４,2026-03-20,2026-03-25,06,浜名湖,ＧⅢ,６３３１１　２２５２[３],2026-03-10,2026-03-15,22,福岡,一般,１２　　１５３４１４１２,2026-01-30,2026-02-04,23,からつ,ＧⅠ,２　４１４,2026-01-25,2026-01-28,20,若松,一般,４１３　１３１３,3737,上平 真二,2026-04-11,2026-04-16,14,鳴門,一般,１３１１１　３１４１[３],2026-03-18,2026-03-22,24,大村,一般,４３２１４　３２[２],2026-03-07,2026-03-11,10,三国,一般,２２１２３２３２[５],2026-02-22,2026-02-28,12,住之江,一般,３１３　５４１１３２３２[３],2026-02-10,2026-02-15,13,尼崎,一般,４２１１５　３１５４４２,4030,森高 一真,2026-04-12,2026-04-17,01,桐生,ＧⅠ,１　４　４３３　５　２２,2026-04-03,2026-04-08,12,住之江,ＧⅠ,３　１　２２２２４　１２,2026-03-24,2026-03-29,07,蒲郡,ＳＧ,３　２２３　５　２５２,2026-03-14,2026-03-19,13,尼崎,ＧⅠ,２　３　３６１　３　４１,2026-03-02,2026-03-07,16,児島,ＧⅠ,５　４　１６２　６３３３,4033,伊藤 将吉,2026-04-04,2026-04-09,16,児島,一般,４５５２４５１　１６２,2026-03-20,2026-03-25,05,多摩川,一般,２２３５１　１６５１[Ｆ],2026-03-12,2026-03-15,14,鳴門,一般,２２２１２１[１],2026-03-01,2026-03-06,06,浜名湖,一般,２３１１４４２　２３６５,2026-02-19,2026-02-23,18,徳山,一般,２１１５３２３５１３
202604221710,2026-04-22,17,10R,3909,佐々木 康幸,2026-04-05,2026-04-11,07,蒲郡,一般,３５２４１　１１３１６１[５],2026-03-22,2026-03-25,13,尼崎,一般,３４１５２１５２,2026-03-12,2026-03-15,14,鳴門,一般,２４５１４５１４,2026-03-01,2026-03-06,06,浜名湖,一般,１２１３１　３１２１[２],2026-02-17,2026-02-22,19,下関,一般,２３４３１　６　３２[３],3415,松井 繁,2026-04-12,2026-04-17,01,桐生,ＧⅠ,５　５１３　５５４１３,2026-04-03,2026-04-08,12,住之江,ＧⅠ,１　２３１　２２１　[１],2026-03-24,2026-03-29,07,蒲郡,ＳＧ,１　３１４　６　６　２４,2026-03-14,2026-03-19,13,尼崎,ＧⅠ,５２２　１　３６５　１４,2026-03-02,2026-03-07,16,児島,ＧⅠ,５　１１３４３　１　[３],3822,平尾 崇典,2026-04-12,2026-04-17,16,児島,一般,２２２２３,2026-03-28,2026-04-02,24,大村,一般,３５１　２　２１１２[４],2026-03-14,2026-03-19,13,尼崎,ＧⅠ,３　３６５　５５５　５６,2026-02-08,2026-02-12,03,江戸川,一般,１　３３落欠,2026-01-29,2026-02-03,19,下関,ＧⅠ,４１３　５３２　５１５,3721,守田 俊介,2026-04-12,2026-04-17,16,児島,一般,２１３　３５３１４２[３],2026-04-03,2026-04-08,04,平和島,一般,１１２５１２１　６１[４],2026-03-24,2026-03-29,07,蒲郡,ＳＧ,１　３４２　５　４３４,2026-03-14,2026-03-17,19,下関,一般,２１３１３４６２,2026-02-04,2026-02-09,12,住之江,ＧⅠ,４２６　５６１　妨６,3388,今垣 光太郎,2026-04-11,2026-04-16,22,福岡,ＧⅠ,４　２　６２２　１５１６,2026-04-03,2026-04-07,21,芦屋,一般,１２４　２１４１[落],2026-03-17,2026-03-22,23,からつ,ＧⅡ,５欠,2026-03-08,2026-03-13,24,大村,ＧⅠ,２２５　３　３２５　１１,2026-02-15,2026-02-20,20,若松,ＧⅠ,３　３６６,3946,赤岩 善生,2026-03-12,2026-03-17,06,浜名湖,一般,３４２２２１１３２１[４],2026-02-15,2026-02-19,23,からつ,一般,３２４　１１１５１２,2026-02-05,2026-02-10,08,常滑,ＧⅠ,５３４　２　１４３　３３,2026-01-29,2026-02-01,04,平和島,一般,１２４１Ｆ２２,2026-01-22,2026-01-25,13,尼崎,ＧⅠ,５　１転６２４
202604221711,2026-04-22,17,11R,3556,田中 信一郎,2026-04-03,2026-04-08,12,住之江,ＧⅠ,２　４６１　２　５　３６,2026-03-19,2026-03-24,02,戸田,一般,２１４　３１３１２１[５],2026-03-07,2026-03-11,10,三国,一般,４５,2026-02-23,2026-02-27,16,児島,一般,１１２３３３４２[３],2026-02-14,2026-02-18,08,常滑,一般,２１４５２５１１[２],3744,徳増 秀樹,2026-04-09,2026-04-15,15,丸亀,一般,１２４１１　２１３１３１[１],2026-03-27,2026-03-31,16,児島,一般,３５３１１３１５３１,2026-03-14,2026-03-19,13,尼崎,ＧⅠ,５　２６１　２５３３３６,2026-03-01,2026-03-06,06,浜名湖,一般,１１２１１　４１２１[１],2026-02-19,2026-02-23,24,大村,一般,４２１１５　４５１６,3941,池田 浩二,2026-04-12,2026-04-17,01,桐生,ＧⅠ,６４１　２１６　４　５６,2026-03-24,2026-03-29,07,蒲郡,ＳＧ,５　３３２　４３５３６,2026-03-14,2026-03-19,13,尼崎,ＧⅠ,３　４１２１６　２　[３],2026-03-02,2026-03-07,16,児島,ＧⅠ,２３２　４　２１１　[１],2026-02-15,2026-02-20,20,若松,ＧⅠ,３　４１３　２１１　[２],3944,山口 裕二,2026-04-03,2026-04-07,21,芦屋,一般,２２４　４１１４４３,2026-03-12,2026-03-17,07,蒲郡,一般,１　３４６３２４３６１４,2026-03-02,2026-03-06,04,平和島,一般,２　２２２　４５２２,2026-02-21,2026-02-26,15,丸亀,一般,４　６１４４２４１５５５,2026-02-06,2026-02-11,02,戸田,一般,４４１１３　４１１２[５],4137,君島 秀三,2026-04-11,2026-04-16,14,鳴門,一般,３４１４２１１　４２[６],2026-04-03,2026-04-07,21,芦屋,一般,２　１６１４１３２１,2026-03-19,2026-03-25,15,丸亀,一般,２６２１３４２　４４２４３５,2026-03-06,2026-03-11,17,宮島,一般,１６４３３１３　５２[２],2026-02-19,2026-02-24,06,浜名湖,一般,４２３３２１２４１４１２,3978,齊藤 仁,2026-04-05,2026-04-11,07,蒲郡,一般,２３１　２２３３５３１３１３,2026-03-26,2026-03-31,21,芦屋,ＧⅢ,４６４５１　５１５　４１,2026-03-14,2026-03-19,13,尼崎,ＧⅠ,５　４４６　４２５２６,2026-03-02,2026-03-07,16,児島,ＧⅠ,５　５５５　６１４　６,2026-02-18,2026-02-24,03,江戸川,ＧⅠ,転２１　４６２　６５２
202604221712,2026-04-22,17,12R,3960,菊地 孝平,2026-04-11,2026-04-16,22,福岡,ＧⅠ,５　５６３４５　１　３４,2026-04-02,2026-04-07,09,津,ＧⅠ,１１６　１　５５６　１５,2026-03-17,2026-03-22,23,からつ,ＧⅡ,５　２５４４４　４１２,2026-03-08,2026-03-13,24,大村,ＧⅠ,４　４　４１３　４　１４,2026-02-24,2026-03-01,01,桐生,一般,２２２１１　１２４　[４],4061,萩原 秀人,2026-04-12,2026-04-17,16,児島,一般,４３３３１１１　１１[１],2026-04-02,2026-04-07,09,津,ＧⅠ,２１４　５　６６４　３６,2026-03-23,2026-03-27,12,住之江,一般,１１４　４２２２[３],2026-03-14,2026-03-19,13,尼崎,ＧⅠ,２６２　５　３３６２２３,2026-03-07,2026-03-11,10,三国,一般,１１２３１２１２[２],4072,森永 淳,2026-04-09,2026-04-15,15,丸亀,一般,３５１１４　２４１６６５２１,2026-03-28,2026-04-03,08,常滑,一般,１５１１１１１２５２[３],2026-03-17,2026-03-22,23,からつ,ＧⅡ,６６１　４５６　３２１,2026-01-06,2026-01-11,16,児島,一般,１６,2025-12-27,2026-01-01,23,からつ,一般,２３１２１　１２４１[４],3876,中辻 崇人,2026-04-12,2026-04-17,16,児島,一般,３５１　１５１１６１[６],2026-04-03,2026-04-07,21,芦屋,一般,３１１１２　３１[転],2026-03-24,2026-03-29,07,蒲郡,ＳＧ,４　６４５　Ｆ　４　３,2026-03-08,2026-03-13,24,大村,ＧⅠ,１５１　２４４　３　１２,2026-02-18,2026-02-24,03,江戸川,ＧⅠ,４　５　３４５　２欠,4051,清水 敦揮,2026-03-18,2026-03-21,04,平和島,一般,４　３４２１４１,2026-03-06,2026-03-11,17,宮島,一般,２５３　１１３３２３３１,2026-02-21,2026-02-25,07,蒲郡,一般,２２３１１３５５２４,2026-02-08,2026-02-11,20,若松,一般,１５１３３４１２,2026-01-29,2026-02-03,19,下関,ＧⅠ,１６３　４　３３４３２,3997,北村 征嗣,2026-04-12,2026-04-17,16,児島,一般,５　３５３１２１１３１２,2026-04-03,2026-04-07,21,芦屋,一般,１５１　４４５３３１,2026-03-20,2026-03-25,06,浜名湖,ＧⅢ,２５４　１５２３１４５３,2026-03-09,2026-03-14,04,平和島,一般,３　１２２２４１３２[３],2026-02-23,2026-02-28,23,からつ,一般,３１１４２１１　３１[５]
202604221801,2026-04-22,18,01R,4555,富永 大一,2026-04-10,2026-04-15,17,宮島,一般,６　２３３　１２１３４１,2026-03-28,2026-04-02,24,大村,一般,４　４３２　４１２５６３,2026-03-12,2026-03-16,11,びわこ,一般,２６３６３　２２６５,2026-03-02,2026-03-06,04,平和島,一般,３２２６　　３　４５,2026-02-21,2026-02-25,07,蒲郡,一般,６４４　２６４　２４,4234,野相 弘司,2026-04-05,2026-04-10,02,戸田,一般,４　６６６,2026-03-19,2026-03-23,19,下関,一般,４　５１５１６　５２,2026-03-04,2026-03-09,12,住之江,一般,４　３６１　６　４５１４,2026-02-13,2026-02-18,11,びわこ,一般,３３５　２２２４４６４６,2026-01-23,2026-01-28,07,蒲郡,一般,３６４　４　４１３　５３,4092,岡部 大輔,2026-04-03,2026-04-07,17,宮島,一般,６４６　６Ｆ５　３,2026-03-19,2026-03-23,19,下関,一般,２１６５３　１４４４,2026-03-06,2026-03-09,23,からつ,一般,１　１６３３４４,2026-02-23,2026-02-27,16,児島,一般,５５４　１１４３３,2026-02-06,2026-02-11,10,三国,一般,１　６５５４２　３４,4708,半田 尚也,2026-03-28,2026-04-02,24,大村,一般,４６３　４６５　４　１２,2026-03-12,2026-03-15,14,鳴門,一般,４　２５２４４,2026-02-22,2026-02-28,12,住之江,一般,５　４５４　４４６　５５３,2026-02-12,2026-02-17,17,宮島,一般,　　　　　　　　　　５５,2026-02-05,2026-02-10,01,桐生,一般,４　３３１　４４５４６４,5429,吉川 颯汰,2026-04-03,2026-04-07,21,芦屋,一般,Ｆ　６　５６６　６,2026-03-18,2026-03-22,24,大村,一般,５６６　６　６　５６,2026-03-06,2026-03-09,23,からつ,一般,６６６　６６６,2026-02-21,2026-02-26,15,丸亀,一般,６転６　６６５　６５６,2026-01-29,2026-02-03,16,児島,一般,６　６６６　６６６　６,4277,金田 大輔,2026-04-04,2026-04-09,16,児島,一般,５　２４３　２６６　１４,2026-02-13,2026-02-18,11,びわこ,一般,５　６１４１２　１６３４,2026-01-27,2026-02-01,21,芦屋,一般,５　６２６２１６３　５４,2026-01-18,2026-01-21,19,下関,一般,２６５　２　１５,2026-01-08,2026-01-14,15,丸亀,一般,６６６　１１６　１　Ｆ４
202604221802,2026-04-22,18,02R,4471,新田 泰章,2026-04-11,2026-04-16,22,福岡,ＧⅠ,６　１６６　４１３５１,2026-03-28,2026-04-02,23,からつ,一般,５３４　５１１５,2026-03-18,2026-03-22,24,大村,一般,４１４１２　１２[６],2026-03-06,2026-03-11,17,宮島,一般,２４３　１３５１４５１４,2026-02-22,2026-02-27,11,びわこ,一般,１３２１２２１１４１[１],3814,金子 貴志,2026-04-03,2026-04-07,17,宮島,一般,６２４　１４妨　４,2026-03-19,2026-03-24,02,戸田,一般,４　３５３６５　６　４２,2026-03-07,2026-03-11,10,三国,一般,３１２　２４３６１３,2026-02-24,2026-03-01,01,桐生,一般,４５５　沈５３　５　２５,2026-02-04,2026-02-07,04,平和島,一般,４　５２３６１４,3686,鳥居塚 孝博,2026-04-11,2026-04-14,04,平和島,一般,６１１　３２１３,2026-03-28,2026-04-02,23,からつ,一般,２　３６３５５３５　３１,2026-03-19,2026-03-23,19,下関,一般,２２１５１　２Ｆ４,2026-03-08,2026-03-13,08,常滑,一般,６３３１　　１６６６２２,2026-02-22,2026-02-27,05,多摩川,一般,１４５　６３５６４　１１,4503,上野 真之介,2026-04-11,2026-04-16,22,福岡,ＧⅠ,１１５　２　２２１　[１],2026-03-28,2026-04-02,24,大村,一般,１１１　３１３　２１[２],2026-03-17,2026-03-22,23,からつ,ＧⅡ,４２５　１４１　５　１２,2026-03-02,2026-03-07,16,児島,ＧⅠ,２２５　４２１　２　[５],2026-02-15,2026-02-20,20,若松,ＧⅠ,１６２　２５１　２　[５],3581,加木 郁,2026-04-07,2026-04-13,24,大村,一般,２２５　３４５　６　１　４３,2026-03-22,2026-03-27,22,福岡,一般,４　６５５　４５２　２,2026-03-16,2026-03-19,10,三国,一般,４　４３３３５３,2026-03-01,2026-03-06,06,浜名湖,一般,３５１　３２３５４　３３,2026-02-19,2026-02-23,18,徳山,一般,４　５１５　４４５,3885,久田 武,2026-04-05,2026-04-10,02,戸田,一般,６,2026-03-19,2026-03-24,16,児島,一般,４１１　１３６４４４１５,2026-03-02,2026-03-05,15,丸亀,一般,１３３　６４６１,2026-02-10,2026-02-15,06,浜名湖,一般,３５６　２　１２２６３６,2026-01-25,2026-01-30,11,びわこ,一般,４　１３３１３４１４２５
202604221803,2026-04-22,18,03R,5150,坂本 雄紀,2026-04-09,2026-04-14,06,浜名湖,一般,３６２　４３４　１　１６,2026-03-28,2026-03-31,05,多摩川,一般,１２１　１１[１],2026-03-16,2026-03-21,01,桐生,一般,１　２４１４２４２３１４,2026-03-08,2026-03-11,13,尼崎,一般,４６６　１３１５,2026-02-10,2026-02-14,15,丸亀,一般,１２２　落１２５２１,4892,柴田 直哉,2026-04-08,2026-04-12,11,びわこ,一般,２　４６５３３　５２,2026-03-18,2026-03-23,08,常滑,一般,２　３５１　３５６６１４,2026-03-02,2026-03-05,13,尼崎,一般,６２４　５６４５,2026-02-08,2026-02-12,03,江戸川,一般,６欠,2026-01-21,2026-01-24,14,鳴門,一般,４２１　２　４２,5356,長谷川 暖,2026-03-07,2026-03-12,02,戸田,一般,２５４　２４１　６４６６,2026-02-26,2026-03-03,24,大村,一般,３３５　１５３　５　２１,2026-02-08,2026-02-11,23,からつ,一般,６３４６５　１,2026-01-20,2026-01-26,10,三国,一般,６　６Ｆ３　５　５　４,2026-01-06,2026-01-11,16,児島,一般,２３３　１３５３４６６５,4448,青木 玄太,2026-04-11,2026-04-16,22,福岡,ＧⅠ,１５２　２　６３６　１３,2026-03-26,2026-03-31,21,芦屋,ＧⅢ,１３１　２４２１１１[１],2026-03-12,2026-03-17,06,浜名湖,一般,３１２３４１３１５２[５],2026-02-15,2026-02-20,20,若松,ＧⅠ,１３４　４３５　２２５,2026-02-04,2026-02-09,12,住之江,ＧⅠ,１５６　５５,4679,植田 太一,2026-04-11,2026-04-14,04,平和島,一般,６６４２５６３６,2026-03-26,2026-03-31,21,芦屋,ＧⅢ,３５１１２４２　１２[６],2026-03-15,2026-03-20,03,江戸川,一般,２２５　５２１　１６２６,2026-03-06,2026-03-11,17,宮島,一般,６６１４１　２２２１[５],2026-02-21,2026-02-26,15,丸亀,一般,６２,3834,細川 明人,2026-04-05,2026-04-11,07,蒲郡,一般,４６６　５６１　５６５　６,2026-03-19,2026-03-24,16,児島,一般,６　２４５　５６６　１４,2026-03-01,2026-03-06,06,浜名湖,一般,４　２４２　４４５４４２,2026-02-10,2026-02-15,13,尼崎,一般,６　５６６　６６,2026-01-29,2026-02-01,01,桐生,一般,１６４５５　３
202604221804,2026-04-22,18,04R,4330,奈須 啓太,2026-04-11,2026-04-16,14,鳴門,一般,４３１　１３１４１４１２,2026-03-28,2026-04-02,23,からつ,一般,１　４６１３６４１４４１,2026-03-18,2026-03-21,04,平和島,一般,２４４５２　１６,2026-03-04,2026-03-09,12,住之江,一般,３５２　３３５　２６１,2026-02-21,2026-02-26,21,芦屋,一般,３４５　５２１６１　２２,4787,椎名 豊,2026-04-07,2026-04-13,24,大村,一般,３６３１２　３　４３１４１２,2026-03-28,2026-04-02,23,からつ,一般,６１２　６６１１２５２１,2026-03-18,2026-03-23,20,若松,一般,１１１２１２１　２２[２],2026-02-06,2026-02-11,05,多摩川,ＧⅠ,５　４４１　２３６　１５,2026-01-21,2026-01-25,01,桐生,一般,４落３１２１６　４６,3880,浅見 宗孝,2026-04-03,2026-04-08,04,平和島,一般,４　５３６５５　４　５３,2026-03-18,2026-03-22,24,大村,一般,４５５６６　２　３３,2026-03-07,2026-03-10,03,江戸川,一般,３４４４４　６６,2026-02-22,2026-02-27,05,多摩川,一般,１　１１２　２２６２[４],2026-01-31,2026-02-05,07,蒲郡,一般,２　５３３　３３５６４３,4423,坂口 貴彦,2026-04-09,2026-04-15,15,丸亀,一般,１　２５６　３３１６２　２５,2026-03-18,2026-03-22,24,大村,一般,４　３３１　３４２４,2026-03-01,2026-03-06,21,芦屋,一般,３２４　４１２３１１[３],2026-02-12,2026-02-17,17,宮島,一般,４５４　４５１　４２５,2026-01-29,2026-02-03,13,尼崎,一般,５２５　５３５　４　３４,5417,小柳 勝希,2026-03-28,2026-04-02,23,からつ,一般,４　１６３３４　６３４６,2026-03-12,2026-03-17,21,芦屋,一般,４　３６５　３５転６４,2026-02-26,2026-03-03,24,大村,一般,６４６４５　５４４　３,2026-02-08,2026-02-11,20,若松,一般,４５６　６　６３,2026-01-22,2026-01-26,23,からつ,一般,　　　　　　　　４５,3620,信濃 由行,2026-04-05,2026-04-11,07,蒲郡,一般,４　１３６　３Ｆ６　５　５,2026-03-18,2026-03-23,08,常滑,一般,２　５１６４６,2026-03-02,2026-03-06,04,平和島,一般,６５１　６　６　１５,2026-02-21,2026-02-26,21,芦屋,一般,６１６　６５３　３６５,2026-02-05,2026-02-10,01,桐生,一般,６　４４２　２３１６３１
202604221805,2026-04-22,18,05R,3503,堂原 洋史,2026-04-03,2026-04-08,04,平和島,一般,５５４　６　５５５　転欠,2026-03-18,2026-03-23,14,鳴門,一般,４４６　４４５　３　４２,2026-03-07,2026-03-11,10,三国,一般,４２６　５　２４４２,2026-02-23,2026-02-28,23,からつ,一般,５３５　３５２　５　４６,2026-02-08,2026-02-12,03,江戸川,一般,６　３３４６２　３３,4388,是澤 孝宏,2026-04-09,2026-04-15,15,丸亀,一般,４１１　１６３６２２１２[４],2026-03-26,2026-03-31,21,芦屋,ＧⅢ,１４１４２　５５１５４４,2026-03-15,2026-03-20,03,江戸川,一般,５　４１５　４１３　２４,2026-03-02,2026-03-06,04,平和島,一般,１３６１２　１４６５,2026-02-19,2026-02-23,24,大村,一般,２５３１５　２６３３,3901,松田 憲幸,2026-04-12,2026-04-17,16,児島,一般,３５６　５　１４５　４４,2026-03-26,2026-03-31,21,芦屋,ＧⅢ,６　５６５　６５５６２,2026-03-14,2026-03-17,19,下関,一般,１３６　２３６２,2026-03-01,2026-03-07,20,若松,一般,５　１　５３１　６　６６５６,2025-09-12,2025-09-18,15,丸亀,一般,６４１　６４６　５　３転,4434,田中 辰彦,2026-04-11,2026-04-14,04,平和島,一般,１２３４４１５１,2026-03-26,2026-03-31,17,宮島,一般,２３４　５１エ１６　５２,2026-02-24,2026-03-01,01,桐生,一般,４　転欠,2026-02-15,2026-02-19,23,からつ,一般,２４３２１　５４４２,2026-01-29,2026-02-03,19,下関,ＧⅠ,５　１６５　１４４５３,4007,榮田 将彦,2026-04-09,2026-04-15,15,丸亀,一般,６４２　２３５　５２３　２５,2026-03-20,2026-03-25,18,徳山,一般,　　　　　　　　６６５４,2026-03-15,2026-03-20,03,江戸川,一般,１　６５４　６５５　５,2026-03-06,2026-03-09,23,からつ,一般,１　１６３６３６,2026-02-12,2026-02-16,18,徳山,一般,２　３３３４２　２４,3920,正木 聖賢,2026-04-07,2026-04-13,24,大村,一般,５１２　転６２　２３２　２,2026-03-27,2026-03-31,16,児島,一般,５　１５２５５４３２,2026-02-14,2026-02-18,08,常滑,一般,２１４３３２１３３３,2026-02-04,2026-02-07,04,平和島,一般,３　２１３１５１,2026-01-23,2026-01-28,07,蒲郡,一般,３３４　２５４　４６６２
202604221806,2026-04-22,18,06R,3596,河上 年昭,2026-04-08,2026-04-12,11,びわこ,一般,６５１　５　６４４,2026-03-18,2026-03-23,08,常滑,一般,５４１　３４４　５４２,2026-02-10,2026-02-14,15,丸亀,一般,６５５　３　６５６６,2026-01-24,2026-01-27,06,浜名湖,一般,２　４６６６５４,2026-01-12,2026-01-17,01,桐生,一般,５　５５１　４４５　３１,4095,福来 剛,2026-04-11,2026-04-16,22,福岡,ＧⅠ,３　４　２５１　５　１５,2026-03-26,2026-03-31,17,宮島,一般,転５１２２　１４１５２３,2026-03-12,2026-03-16,11,びわこ,一般,３１２２３４５４１１,2026-03-01,2026-03-07,20,若松,一般,２６　　２１５２２　５２[６],2026-02-18,2026-02-24,03,江戸川,ＧⅠ,１５１　１３４　３　１１,5289,佃 來紀,2026-04-08,2026-04-12,11,びわこ,一般,２　６６１１１６４５,2026-03-25,2026-03-30,04,平和島,一般,５１６　２５４　１３１,2026-03-16,2026-03-19,10,三国,一般,３４３　３５２２,2026-02-25,2026-03-02,19,下関,ＧⅢ,３２２１２　３　１４３４,2026-02-05,2026-02-10,01,桐生,一般,５　エ６転　３１,5160,藤森 陸斗,2026-04-09,2026-04-14,06,浜名湖,一般,４４２　１　２２４３２,2026-03-25,2026-03-30,04,平和島,一般,３４１　１４３３３３４１,2026-03-16,2026-03-21,01,桐生,一般,２　２３２６３　５５４５,2026-03-08,2026-03-11,13,尼崎,一般,５　３２１３３１,2026-02-26,2026-03-03,24,大村,一般,２２５　４４３１２　３５,3211,北川 敏弘,2026-04-05,2026-04-10,10,三国,一般,２１４　２６２５３４６４,2026-03-18,2026-03-23,14,鳴門,一般,４　４５６　４２４６６３,2026-01-26,2026-01-31,22,福岡,一般,６　２５４　１４６　１２,2026-01-09,2026-01-14,19,下関,一般,５　４６４　６　５４,2025-12-27,2026-01-01,23,からつ,一般,４　５６５　６６５　４,3814,金子 貴志,2026-04-03,2026-04-07,17,宮島,一般,６２４　１４妨　４,2026-03-19,2026-03-24,02,戸田,一般,４　３５３６５　６　４２,2026-03-07,2026-03-11,10,三国,一般,３１２　２４３６１３,2026-02-24,2026-03-01,01,桐生,一般,４５５　沈５３　５　２５,2026-02-04,2026-02-07,04,平和島,一般,４　５２３６１４
202604221807,2026-04-22,18,07R,4527,高野 心吾,2026-03-29,2026-04-03,06,浜名湖,一般,３２４　６　６　４２６１,2026-03-12,2026-03-15,14,鳴門,一般,６　５３５　４５,2026-02-21,2026-02-26,04,平和島,一般,６１４　４３６３１　５３,2026-01-31,2026-02-05,07,蒲郡,一般,３５１　２５６　３６６,2026-01-14,2026-01-19,23,からつ,一般,４　２６６１３　３６６６,4277,金田 大輔,2026-04-04,2026-04-09,16,児島,一般,５　２４３　２６６　１４,2026-02-13,2026-02-18,11,びわこ,一般,５　６１４１２　１６３４,2026-01-27,2026-02-01,21,芦屋,一般,５　６２６２１６３　５４,2026-01-18,2026-01-21,19,下関,一般,２６５　２　１５,2026-01-08,2026-01-14,15,丸亀,一般,６６６　１１６　１　Ｆ４,4697,國弘 翔平,2026-04-03,2026-04-07,21,芦屋,一般,妨欠,2026-03-19,2026-03-23,19,下関,一般,４　２３２６５４２４,2026-03-07,2026-03-11,10,三国,一般,３　４６４　６６５,2026-02-23,2026-02-27,16,児島,一般,３　３２６５５　４２,2026-02-03,2026-02-08,17,宮島,一般,２５５　４１５　１　５３,3581,加木 郁,2026-04-07,2026-04-13,24,大村,一般,２２５　３４５　６　１　４３,2026-03-22,2026-03-27,22,福岡,一般,４　６５５　４５２　２,2026-03-16,2026-03-19,10,三国,一般,４　４３３３５３,2026-03-01,2026-03-06,06,浜名湖,一般,３５１　３２３５４　３３,2026-02-19,2026-02-23,18,徳山,一般,４　５１５　４４５,4932,新開 航,2026-04-11,2026-04-16,22,福岡,ＧⅠ,４　１２５　１　３６６３,2026-04-02,2026-04-07,09,津,ＧⅠ,４　４３６,2026-03-17,2026-03-22,23,からつ,ＧⅡ,２２２　２　１３２　[６],2026-02-28,2026-03-05,22,福岡,一般,２３１　１１転欠,2026-02-15,2026-02-20,20,若松,ＧⅠ,１　２４５１１　３　３１,4120,柘植 政浩,2026-04-07,2026-04-13,24,大村,一般,２３５　１３４　２４１５２４,2026-03-26,2026-03-31,19,下関,一般,１　１４２４２２１　[５],2026-03-12,2026-03-17,06,浜名湖,一般,１５３５６　５　４６４,2026-02-22,2026-02-27,05,多摩川,一般,４　５２１２１４５２[５],2026-02-08,2026-02-11,23,からつ,一般,１３３５２６３６
202604221808,2026-04-22,18,08R,3889,須藤 隆雄,2026-04-09,2026-04-15,15,丸亀,一般,６５２　４５６　２　２　４,2026-03-20,2026-03-25,05,多摩川,一般,２５５　１転６　５　６,2026-03-02,2026-03-05,13,尼崎,一般,４２５　４５３３,2026-02-20,2026-02-25,17,宮島,一般,３　４５４　５２５６５３,2026-02-05,2026-02-10,01,桐生,一般,６２５　６２４　５３５,5175,島崎 丈一朗,2026-03-25,2026-03-30,04,平和島,一般,２２４　５３１　４５２３,2026-03-12,2026-03-16,11,びわこ,一般,１５６　２３４５１６,2026-02-06,2026-02-11,10,三国,一般,６　６３６１５　４,2026-01-14,2026-01-19,22,福岡,一般,６　３５４４１　５３５６,2025-12-27,2025-12-31,01,桐生,一般,６　４４１１５５３５,5150,坂本 雄紀,2026-04-09,2026-04-14,06,浜名湖,一般,３６２　４３４　１　１６,2026-03-28,2026-03-31,05,多摩川,一般,１２１　１１[１],2026-03-16,2026-03-21,01,桐生,一般,１　２４１４２４２３１４,2026-03-08,2026-03-11,13,尼崎,一般,４６６　１３１５,2026-02-10,2026-02-14,15,丸亀,一般,１２２　落１２５２１,4864,小川 日紀太,2026-04-03,2026-04-08,04,平和島,一般,５４６　３　６６６　１１,2026-03-16,2026-03-19,10,三国,一般,１　５５６３３３,2026-01-29,2026-02-03,13,尼崎,一般,５５６　６４６　５　４,2026-01-14,2026-01-19,07,蒲郡,ＧⅢ,６　６６４　６,2025-12-29,2026-01-03,21,芦屋,一般,４３１　６４６　５３２４,4471,新田 泰章,2026-04-11,2026-04-16,22,福岡,ＧⅠ,６　１６６　４１３５１,2026-03-28,2026-04-02,23,からつ,一般,５３４　５１１５,2026-03-18,2026-03-22,24,大村,一般,４１４１２　１２[６],2026-03-06,2026-03-11,17,宮島,一般,２４３　１３５１４５１４,2026-02-22,2026-02-27,11,びわこ,一般,１３２１２２１１４１[１],3444,香月 大介,2026-04-04,2026-04-09,16,児島,一般,１　５６６　４５５　４６,2026-03-18,2026-03-21,04,平和島,一般,４５Ｆ　５　６,2026-03-01,2026-03-06,06,浜名湖,一般,５　６６６　１６２　６３,2026-02-21,2026-02-26,21,芦屋,一般,１　４５６　４３２　６４,2026-02-14,2026-02-18,08,常滑,一般,２４４　２４５２４４
202604221809,2026-04-22,18,09R,4007,榮田 将彦,2026-04-09,2026-04-15,15,丸亀,一般,６４２　２３５　５２３　２５,2026-03-20,2026-03-25,18,徳山,一般,　　　　　　　　６６５４,2026-03-15,2026-03-20,03,江戸川,一般,１　６５４　６５５　５,2026-03-06,2026-03-09,23,からつ,一般,１　１６３６３６,2026-02-12,2026-02-16,18,徳山,一般,２　３３３４２　２４,4330,奈須 啓太,2026-04-11,2026-04-16,14,鳴門,一般,４３１　１３１４１４１２,2026-03-28,2026-04-02,23,からつ,一般,１　４６１３６４１４４１,2026-03-18,2026-03-21,04,平和島,一般,２４４５２　１６,2026-03-04,2026-03-09,12,住之江,一般,３５２　３３５　２６１,2026-02-21,2026-02-26,21,芦屋,一般,３４５　５２１６１　２２,4503,上野 真之介,2026-04-11,2026-04-16,22,福岡,ＧⅠ,１１５　２　２２１　[１],2026-03-28,2026-04-02,24,大村,一般,１１１　３１３　２１[２],2026-03-17,2026-03-22,23,からつ,ＧⅡ,４２５　１４１　５　１２,2026-03-02,2026-03-07,16,児島,ＧⅠ,２２５　４２１　２　[５],2026-02-15,2026-02-20,20,若松,ＧⅠ,１６２　２５１　２　[５],4679,植田 太一,2026-04-11,2026-04-14,04,平和島,一般,６６４２５６３６,2026-03-26,2026-03-31,21,芦屋,ＧⅢ,３５１１２４２　１２[６],2026-03-15,2026-03-20,03,江戸川,一般,２２５　５２１　１６２６,2026-03-06,2026-03-11,17,宮島,一般,６６１４１　２２２１[５],2026-02-21,2026-02-26,15,丸亀,一般,６２,5375,庄島 潤成,2026-04-05,2026-04-10,10,三国,一般,６　６　４６５　６４６６,2026-03-18,2026-03-22,24,大村,一般,６３２　落　６　６落,2026-02-28,2026-03-05,22,福岡,一般,６　５６６　６６４　５４,2026-02-03,2026-02-08,17,宮島,一般,５　５２４　３５２　３１,2026-01-11,2026-01-17,14,鳴門,一般,　　４５６　６５５４４　４５,4092,岡部 大輔,2026-04-03,2026-04-07,17,宮島,一般,６４６　６Ｆ５　３,2026-03-19,2026-03-23,19,下関,一般,２１６５３　１４４４,2026-03-06,2026-03-09,23,からつ,一般,１　１６３３４４,2026-02-23,2026-02-27,16,児島,一般,５５４　１１４３３,2026-02-06,2026-02-11,10,三国,一般,１　６５５４２　３４
202604221810,2026-04-22,18,10R,4491,田中 堅,2026-04-03,2026-04-08,04,平和島,一般,４６５　３　２４４　２３,2026-03-15,2026-03-20,03,江戸川,一般,５　５４５　２５５　１４,2026-02-26,2026-03-02,08,常滑,一般,１　２５４６２　２４,2026-02-14,2026-02-18,01,桐生,一般,５４４　４　３４４６,2026-01-26,2026-01-29,09,津,一般,１　３２３５３３,3686,鳥居塚 孝博,2026-04-11,2026-04-14,04,平和島,一般,６１１　３２１３,2026-03-28,2026-04-02,23,からつ,一般,２　３６３５５３５　３１,2026-03-19,2026-03-23,19,下関,一般,２２１５１　２Ｆ４,2026-03-08,2026-03-13,08,常滑,一般,６３３１　　１６６６２２,2026-02-22,2026-02-27,05,多摩川,一般,１４５　６３５６４　１１,4095,福来 剛,2026-04-11,2026-04-16,22,福岡,ＧⅠ,３　４　２５１　５　１５,2026-03-26,2026-03-31,17,宮島,一般,転５１２２　１４１５２３,2026-03-12,2026-03-16,11,びわこ,一般,３１２２３４５４１１,2026-03-01,2026-03-07,20,若松,一般,２６　　２１５２２　５２[６],2026-02-18,2026-02-24,03,江戸川,ＧⅠ,１５１　１３４　３　１１,4892,柴田 直哉,2026-04-08,2026-04-12,11,びわこ,一般,２　４６５３３　５２,2026-03-18,2026-03-23,08,常滑,一般,２　３５１　３５６６１４,2026-03-02,2026-03-05,13,尼崎,一般,６２４　５６４５,2026-02-08,2026-02-12,03,江戸川,一般,６欠,2026-01-21,2026-01-24,14,鳴門,一般,４２１　２　４２,3920,正木 聖賢,2026-04-07,2026-04-13,24,大村,一般,５１２　転６２　２３２　２,2026-03-27,2026-03-31,16,児島,一般,５　１５２５５４３２,2026-02-14,2026-02-18,08,常滑,一般,２１４３３２１３３３,2026-02-04,2026-02-07,04,平和島,一般,３　２１３１５１,2026-01-23,2026-01-28,07,蒲郡,一般,３３４　２５４　４６６２,5429,吉川 颯汰,2026-04-03,2026-04-07,21,芦屋,一般,Ｆ　６　５６６　６,2026-03-18,2026-03-22,24,大村,一般,５６６　６　６　５６,2026-03-06,2026-03-09,23,からつ,一般,６６６　６６６,2026-02-21,2026-02-26,15,丸亀,一般,６転６　６６５　６５６,2026-01-29,2026-02-03,16,児島,一般,６　６６６　６６６　６
202604221811,2026-04-22,18,11R,3880,浅見 宗孝,2026-04-03,2026-04-08,04,平和島,一般,４　５３６５５　４　５３,2026-03-18,2026-03-22,24,大村,一般,４５５６６　２　３３,2026-03-07,2026-03-10,03,江戸川,一般,３４４４４　６６,2026-02-22,2026-02-27,05,多摩川,一般,１　１１２　２２６２[４],2026-01-31,2026-02-05,07,蒲郡,一般,２　５３３　３３５６４３,4434,田中 辰彦,2026-04-11,2026-04-14,04,平和島,一般,１２３４４１５１,2026-03-26,2026-03-31,17,宮島,一般,２３４　５１エ１６　５２,2026-02-24,2026-03-01,01,桐生,一般,４　転欠,2026-02-15,2026-02-19,23,からつ,一般,２４３２１　５４４２,2026-01-29,2026-02-03,19,下関,ＧⅠ,５　１６５　１４４５３,3885,久田 武,2026-04-05,2026-04-10,02,戸田,一般,６,2026-03-19,2026-03-24,16,児島,一般,４１１　１３６４４４１５,2026-03-02,2026-03-05,15,丸亀,一般,１３３　６４６１,2026-02-10,2026-02-15,06,浜名湖,一般,３５６　２　１２２６３６,2026-01-25,2026-01-30,11,びわこ,一般,４　１３３１３４１４２５,5289,佃 來紀,2026-04-08,2026-04-12,11,びわこ,一般,２　６６１１１６４５,2026-03-25,2026-03-30,04,平和島,一般,５１６　２５４　１３１,2026-03-16,2026-03-19,10,三国,一般,３４３　３５２２,2026-02-25,2026-03-02,19,下関,ＧⅢ,３２２１２　３　１４３４,2026-02-05,2026-02-10,01,桐生,一般,５　エ６転　３１,4120,柘植 政浩,2026-04-07,2026-04-13,24,大村,一般,２３５　１３４　２４１５２４,2026-03-26,2026-03-31,19,下関,一般,１　１４２４２２１　[５],2026-03-12,2026-03-17,06,浜名湖,一般,１５３５６　５　４６４,2026-02-22,2026-02-27,05,多摩川,一般,４　５２１２１４５２[５],2026-02-08,2026-02-11,23,からつ,一般,１３３５２６３６,4234,野相 弘司,2026-04-05,2026-04-10,02,戸田,一般,４　６６６,2026-03-19,2026-03-23,19,下関,一般,４　５１５１６　５２,2026-03-04,2026-03-09,12,住之江,一般,４　３６１　６　４５１４,2026-02-13,2026-02-18,11,びわこ,一般,３３５　２２２４４６４６,2026-01-23,2026-01-28,07,蒲郡,一般,３６４　４　４１３　５３
202604221812,2026-04-22,18,12R,4932,新開 航,2026-04-11,2026-04-16,22,福岡,ＧⅠ,４　１２５　１　３６６３,2026-04-02,2026-04-07,09,津,ＧⅠ,４　４３６,2026-03-17,2026-03-22,23,からつ,ＧⅡ,２２２　２　１３２　[６],2026-02-28,2026-03-05,22,福岡,一般,２３１　１１転欠,2026-02-15,2026-02-20,20,若松,ＧⅠ,１　２４５１１　３　３１,3901,松田 憲幸,2026-04-12,2026-04-17,16,児島,一般,３５６　５　１４５　４４,2026-03-26,2026-03-31,21,芦屋,ＧⅢ,６　５６５　６５５６２,2026-03-14,2026-03-17,19,下関,一般,１３６　２３６２,2026-03-01,2026-03-07,20,若松,一般,５　１　５３１　６　６６５６,2025-09-12,2025-09-18,15,丸亀,一般,６４１　６４６　５　３転,4448,青木 玄太,2026-04-11,2026-04-16,22,福岡,ＧⅠ,１５２　２　６３６　１３,2026-03-26,2026-03-31,21,芦屋,ＧⅢ,１３１　２４２１１１[１],2026-03-12,2026-03-17,06,浜名湖,一般,３１２３４１３１５２[５],2026-02-15,2026-02-20,20,若松,ＧⅠ,１３４　４３５　２２５,2026-02-04,2026-02-09,12,住之江,ＧⅠ,１５６　５５,5175,島崎 丈一朗,2026-03-25,2026-03-30,04,平和島,一般,２２４　５３１　４５２３,2026-03-12,2026-03-16,11,びわこ,一般,１５６　２３４５１６,2026-02-06,2026-02-11,10,三国,一般,６　６３６１５　４,2026-01-14,2026-01-19,22,福岡,一般,６　３５４４１　５３５６,2025-12-27,2025-12-31,01,桐生,一般,６　４４１１５５３５,4787,椎名 豊,2026-04-07,2026-04-13,24,大村,一般,３６３１２　３　４３１４１２,2026-03-28,2026-04-02,23,からつ,一般,６１２　６６１１２５２１,2026-03-18,2026-03-23,20,若松,一般,１１１２１２１　２２[２],2026-02-06,2026-02-11,05,多摩川,ＧⅠ,５　４４１　２３６　１５,2026-01-21,2026-01-25,01,桐生,一般,４落３１２１６　４６,5160,藤森 陸斗,2026-04-09,2026-04-14,06,浜名湖,一般,４４２　１　２２４３２,2026-03-25,2026-03-30,04,平和島,一般,３４１　１４３３３３４１,2026-03-16,2026-03-21,01,桐生,一般,２　２３２６３　５５４５,2026-03-08,2026-03-11,13,尼崎,一般,５　３２１３３１,2026-02-26,2026-03-03,24,大村,一般,２２５　４４３１２　３５
202604222001,2026-04-22,20,01R,4349,犬童 千秋,2026-03-30,2026-04-04,15,丸亀,一般,３６３　２５４　３４５４,2026-03-12,2026-03-17,07,蒲郡,一般,４２５　４５３　５５５６,2026-02-23,2026-02-27,16,児島,一般,４６２４５　５　６４,2026-02-12,2026-02-17,04,平和島,ＧⅢ,１２２　２４３４３５４１,2026-01-30,2026-02-02,02,戸田,一般,５３２　エ欠,5052,赤井 星璃菜,2026-03-17,2026-03-22,17,宮島,一般,５６２　５４３　２１１４,2026-02-28,2026-03-06,07,蒲郡,一般,３５４　４３６６５　２　５５,2026-01-30,2026-02-04,06,浜名湖,一般,２６２　２　４６３３１４,2026-01-10,2026-01-15,05,多摩川,一般,５５３　４　３妨３　１,2025-12-27,2025-12-31,02,戸田,一般,６　６６５５５　４５,4317,木村 紗友希,2026-04-05,2026-04-10,02,戸田,一般,５２６　１３４　１２１４,2026-03-24,2026-03-29,10,三国,ＧⅢ,２　５４５　１１４６１転,2026-03-11,2026-03-16,16,児島,一般,５　５６１　５５６　３５,2026-02-17,2026-02-22,19,下関,一般,２２５　３１５　転６１５,2026-01-30,2026-02-04,06,浜名湖,一般,６　２３６　４２１　２６,3551,藤田 美代,2026-04-08,2026-04-13,23,からつ,ＧⅢ,３４２　４５５　２　１２,2026-03-12,2026-03-17,07,蒲郡,一般,５６６　５４５　４６３,2026-02-26,2026-03-02,08,常滑,一般,６　５５６　１３６５,2026-02-06,2026-02-11,16,児島,一般,１　６４６５６　１６４,2026-01-25,2026-01-29,05,多摩川,一般,５３６　１　５４１,3474,松瀬 弘美,2026-04-06,2026-04-10,08,常滑,一般,２３５　５２６　５６,2026-03-24,2026-03-29,10,三国,ＧⅢ,２　１４５６２　４１２２,2026-03-10,2026-03-15,18,徳山,ＧⅢ,１５６　５　５６４４３,2026-02-21,2026-02-26,04,平和島,一般,２６２　３３４５３　６５,2026-02-11,2026-02-14,14,鳴門,一般,６４６　５５６,3207,田村 美和,2026-04-05,2026-04-10,02,戸田,一般,６　３２転　１５３　４４,2026-03-20,2026-03-25,05,多摩川,一般,２　５６５　５　３　６４,2026-02-26,2026-03-02,08,常滑,一般,４６６　２　５６５６,2026-02-12,2026-02-17,04,平和島,ＧⅢ,２４６　６　３６６　４４,2026-01-23,2026-01-28,03,江戸川,ＧⅢ,４　４５４　５４３　２４
202604222002,2026-04-22,20,02R,4464,山下 友貴,2026-04-06,2026-04-10,08,常滑,一般,４５４５６　２　２,2026-03-22,2026-03-27,22,福岡,一般,１１３　３１３５３３５１,2026-03-12,2026-03-17,06,浜名湖,一般,３　６３１　４５３３１２,2026-02-25,2026-02-28,13,尼崎,一般,１６３４３　４４,2026-02-12,2026-02-17,04,平和島,ＧⅢ,１　４５１１２　４５１１,4400,加藤 奈月,2026-04-08,2026-04-13,23,からつ,ＧⅢ,６　４　６　２５４３４,2026-03-24,2026-03-29,10,三国,ＧⅢ,２　６２４　６６３　３２,2026-02-28,2026-03-05,22,福岡,一般,４６４　６３４　６５４６,2026-02-10,2026-02-14,15,丸亀,一般,３３１　５３２５２５,2026-01-30,2026-02-04,06,浜名湖,一般,４　２６６　５５４　３４,5283,植木 美帆,2026-04-08,2026-04-13,23,からつ,ＧⅢ,５５　　６　６４６　５,2026-03-14,2026-03-17,19,下関,一般,６　６５６　４６,2026-03-02,2026-03-06,04,平和島,一般,６　５５６　５５４,2026-02-04,2026-02-09,11,びわこ,一般,５　５６５　６　６６１,2025-11-24,2025-11-28,14,鳴門,一般,６２６　６　４５３,4994,山本 梨菜,2026-04-08,2026-04-13,23,からつ,ＧⅢ,４　１　２５２２１２[５],2026-03-28,2026-04-02,24,大村,一般,１２２　２１６２１２[転],2026-03-10,2026-03-15,18,徳山,ＧⅢ,２５１３５６３　３　２３,2026-02-23,2026-02-27,16,児島,一般,１６５１１３４４２３,2026-02-11,2026-02-16,21,芦屋,一般,５４３１３　１３１３３２,4510,坂本 奈央,2026-03-30,2026-04-05,18,徳山,一般,６６６　５　６６４　５３,2026-03-14,2026-03-17,19,下関,一般,５　１６６２５,2026-01-23,2026-01-28,03,江戸川,ＧⅢ,５６４　３６６　６６３,2026-01-09,2026-01-13,17,宮島,一般,６　６　６３５　５６,2025-11-19,2025-11-24,19,下関,ＧⅢ,４エ５　４４１　５　２４,5019,柴田 百恵,2026-04-05,2026-04-11,07,蒲郡,一般,３２２　４　３６６１２１４,2026-03-22,2026-03-27,22,福岡,一般,５６２５４　２　３５５,2026-02-12,2026-02-17,04,平和島,ＧⅢ,６３４　３１６４５３２,2026-01-30,2026-02-04,06,浜名湖,一般,５３１　１５１４６　４,2026-01-22,2026-01-26,23,からつ,一般,２　２２３６５２[５]
202604222003,2026-04-22,20,03R,5117,冨名腰 桃奈,2026-04-08,2026-04-13,23,からつ,ＧⅢ,４４３　３　３２５　３１,2026-03-17,2026-03-22,17,宮島,一般,４　５５５　　２３３３６,2026-02-14,2026-02-18,08,常滑,一般,６２６　６６６６２２,2026-01-30,2026-02-04,06,浜名湖,一般,３５６　３５１　２３４,2026-01-10,2026-01-13,18,徳山,一般,６　６６６３４,3994,小野 桜,2026-04-09,2026-04-15,15,丸亀,一般,２　６４４　３３４　６５４６,2026-03-30,2026-04-05,18,徳山,一般,１５６　２　５２,2026-03-17,2026-03-22,17,宮島,一般,３　１３３　５３２３１２,2026-02-26,2026-03-02,08,常滑,一般,１４１　４６４６２５,2026-02-06,2026-02-11,16,児島,一般,４５３　４５２　６２４,4947,間庭 菜摘,2026-04-09,2026-04-15,15,丸亀,一般,２　４４５　４４６　５４５４,2026-04-01,2026-04-06,22,福岡,一般,３５３　４３２　１５６,2026-03-24,2026-03-29,09,津,一般,６６６　６　１５３　４３,2026-03-10,2026-03-15,22,福岡,一般,５５２　６　１４５５落２,2026-02-24,2026-03-01,14,鳴門,ＧⅠ,６６６　５　６５５　２,4897,深見 亜由美,2026-04-09,2026-04-15,15,丸亀,一般,５　４４２　２６６　５６２４,2026-03-23,2026-03-27,12,住之江,一般,６　５５５　４　６５,2026-03-14,2026-03-17,19,下関,一般,５　５６６　６５,2026-03-03,2026-03-08,11,びわこ,一般,１４４　４２４　４６１４,2026-02-18,2026-02-23,22,福岡,一般,５　３４４　５３４　５４,4443,津田 裕絵,2026-04-11,2026-04-14,04,平和島,一般,３２２３６　５５,2026-03-28,2026-04-03,08,常滑,一般,４２２　２２２３５４１４,2026-03-12,2026-03-17,21,芦屋,一般,５　５４６２３１４　１１,2026-03-03,2026-03-08,11,びわこ,一般,３５３２３　１４４１[３],2026-02-18,2026-02-23,22,福岡,一般,１２２６３４３　４６１５,4961,西橋 奈未,2026-04-11,2026-04-16,22,福岡,ＧⅠ,２５５　４　１５５１２,2026-04-02,2026-04-07,09,津,ＧⅠ,４６４　６　４２４　４,2026-03-24,2026-03-29,10,三国,ＧⅢ,３転３１５２１　２　１４,2026-03-17,2026-03-22,23,からつ,ＧⅡ,３５１　３５２　４　２５,2026-03-08,2026-03-13,08,常滑,一般,１３４２　　５１１４３５
202604222004,2026-04-22,20,04R,4720,西澤 日花里,2026-04-01,2026-04-06,22,福岡,一般,４６１　５　２６５　５,2026-03-23,2026-03-27,12,住之江,一般,５２６　６４５　２,2026-03-10,2026-03-15,18,徳山,ＧⅢ,１４５　１３６５３　３４,2026-02-18,2026-02-23,22,福岡,一般,５　１１１６３６３４１３,2026-02-04,2026-02-09,11,びわこ,一般,１６６　５３３　３３５４,5194,大久保 佑香,2026-04-05,2026-04-11,07,蒲郡,一般,６１５　１５６　２２５　２６,2026-03-24,2026-03-29,10,三国,ＧⅢ,６１４　４４１　２６６,2026-03-14,2026-03-17,19,下関,一般,２　５２５６２６,2026-02-18,2026-02-23,22,福岡,一般,１　１６３６１５１６３６,2026-02-06,2026-02-11,16,児島,一般,６３３　４６４　４５６,4874,池田 奈津美,2026-04-01,2026-04-06,22,福岡,一般,３２３　３４３　２２[３],2026-03-23,2026-03-27,12,住之江,一般,３　５３５３３　６,2026-03-12,2026-03-15,14,鳴門,一般,６５転　５　２１,2026-02-23,2026-02-27,16,児島,一般,５２２　２４１５６２,2026-02-10,2026-02-14,19,下関,一般,３１５　４１６　４３,4433,川野 芽唯,2026-04-12,2026-04-17,16,児島,一般,４６３２４　１２２２[４],2026-04-01,2026-04-06,22,福岡,一般,１６３　１２３２２２[４],2026-03-23,2026-03-27,12,住之江,一般,３６１　１２４２[４],2026-03-12,2026-03-17,21,芦屋,一般,１３４１３１１　１２[６],2026-02-24,2026-03-01,14,鳴門,ＧⅠ,５１５　１２１　６　１３,5320,岩崎 麗子,2026-04-05,2026-04-10,02,戸田,一般,６　６　５６６６６　４６,2026-03-24,2026-03-29,10,三国,ＧⅢ,６　４２６　６６Ｆ　４,2026-03-03,2026-03-08,11,びわこ,一般,４２４　５３４　１４２,2026-02-18,2026-02-23,22,福岡,一般,４　５５６　５５５　６,2026-02-03,2026-02-08,17,宮島,一般,５５５　６６６　３　６４,4845,前田 紗希,2026-04-08,2026-04-13,23,からつ,ＧⅢ,２５１　１　１１５１[６],2026-03-28,2026-04-02,02,戸田,一般,１４２２５　２４２６３４,2026-03-10,2026-03-15,18,徳山,ＧⅢ,１３１１１２１　２１[１],2026-02-24,2026-03-01,14,鳴門,ＧⅠ,１　４４１　２１１　[２],2026-01-21,2026-01-26,16,児島,一般,１　６５欠欠
202604222005,2026-04-22,20,05R,4240,今井 裕梨,2026-04-09,2026-04-15,15,丸亀,一般,１　２６３　６６４４２１３,2026-02-24,2026-03-01,14,鳴門,ＧⅠ,６　２１４　１　２　[６],2026-02-04,2026-02-09,11,びわこ,一般,２３１　１３２６２２[６],2026-01-23,2026-01-28,03,江戸川,ＧⅢ,２　３１１　Ｆ３５　２３,2026-01-10,2026-01-15,05,多摩川,一般,２　３　２１３４４１[２],4938,小芦 るり華,2026-04-08,2026-04-13,23,からつ,ＧⅢ,１２　　３２３　１２[３],2026-03-28,2026-04-02,02,戸田,一般,１５１１１４１　１３１２,2026-03-17,2026-03-22,23,からつ,ＧⅡ,４６６　５５５　４４３,2026-03-08,2026-03-11,13,尼崎,一般,５４２１２１[５],2026-02-24,2026-03-01,14,鳴門,ＧⅠ,３　１２６　１５２　１２,3579,中里 優子,2026-03-20,2026-03-25,05,多摩川,一般,４　２１３　６３４４５６,2026-02-28,2026-03-06,07,蒲郡,一般,４２３　６３３　２　２３３１,2026-02-13,2026-02-18,11,びわこ,一般,６５３　４４２　５３６２,2026-01-04,2026-01-09,23,からつ,ＧⅢ,２　１５１４２　３５２４,2025-12-22,2025-12-27,15,丸亀,一般,６　５２１　６　４　４６,4243,西村 歩,2026-04-06,2026-04-10,08,常滑,一般,１２５　５５４　１１,2026-03-24,2026-03-29,10,三国,ＧⅢ,１５６　１３１１２５３妨,2026-03-11,2026-03-16,16,児島,一般,１２４　６６５　４５４１,2026-03-01,2026-03-06,21,芦屋,一般,３　１３２５４４１５３３,2026-01-22,2026-01-26,23,からつ,一般,５　４３１４３１６６,5052,赤井 星璃菜,2026-03-17,2026-03-22,17,宮島,一般,５６２　５４３　２１１４,2026-02-28,2026-03-06,07,蒲郡,一般,３５４　４３６６５　２　５５,2026-01-30,2026-02-04,06,浜名湖,一般,２６２　２　４６３３１４,2026-01-10,2026-01-15,05,多摩川,一般,５５３　４　３妨３　１,2025-12-27,2025-12-31,02,戸田,一般,６　６６５５５　４５,4893,渡邉 真奈美,2026-04-08,2026-04-13,23,からつ,ＧⅢ,４１　　４３３　４６１４,2026-03-27,2026-03-31,13,尼崎,一般,１４,2026-03-09,2026-03-14,04,平和島,一般,４　６１５２１４３　４１,2026-02-18,2026-02-23,22,福岡,一般,３４３　３４１　１５２４,2026-02-04,2026-02-09,11,びわこ,一般,６５６　５　２４４　６４
202604222006,2026-04-22,20,06R,3845,中谷 朋子,2026-04-08,2026-04-13,23,からつ,ＧⅢ,４　１　４３１　１４３１,2026-03-24,2026-03-29,10,三国,ＧⅢ,３４５　３　１４５Ｆ６,2026-03-10,2026-03-15,18,徳山,ＧⅢ,３　３３３　２５５　２２,2026-02-21,2026-02-25,07,蒲郡,一般,３　５６４３５３３,2026-02-06,2026-02-11,16,児島,一般,４　１１５　４４３　２２,3551,藤田 美代,2026-04-08,2026-04-13,23,からつ,ＧⅢ,３４２　４５５　２　１２,2026-03-12,2026-03-17,07,蒲郡,一般,５６６　５４５　４６３,2026-02-26,2026-03-02,08,常滑,一般,６　５５６　１３６５,2026-02-06,2026-02-11,16,児島,一般,１　６４６５６　１６４,2026-01-25,2026-01-29,05,多摩川,一般,５３６　１　５４１,4400,加藤 奈月,2026-04-08,2026-04-13,23,からつ,ＧⅢ,６　４　６　２５４３４,2026-03-24,2026-03-29,10,三国,ＧⅢ,２　６２４　６６３　３２,2026-02-28,2026-03-05,22,福岡,一般,４６４　６３４　６５４６,2026-02-10,2026-02-14,15,丸亀,一般,３３１　５３２５２５,2026-01-30,2026-02-04,06,浜名湖,一般,４　２６６　５５４　３４,3801,五反田 忍,2026-03-30,2026-04-04,15,丸亀,一般,５欠,2026-03-12,2026-03-17,21,芦屋,一般,２６３　１６１　３５２６,2026-02-17,2026-02-22,19,下関,一般,２　５２１　２３５３[３],2026-01-30,2026-02-02,02,戸田,一般,６５６　６　６５,2025-12-30,2026-01-04,09,津,一般,６２６　２６６　６４４,4387,平山 智加,2026-04-08,2026-04-13,23,からつ,ＧⅢ,１４３　４　４２２４４２,2026-03-17,2026-03-22,17,宮島,一般,１３４６３１３　２５１３,2026-03-08,2026-03-11,13,尼崎,一般,２５３３１５１５,2026-02-24,2026-03-01,14,鳴門,ＧⅠ,２４１　５　６３５４３,2026-02-14,2026-02-18,08,常滑,一般,４３３２１１１５１２,5193,米丸 乃絵,2026-04-11,2026-04-14,04,平和島,一般,１４１４４４１２,2026-04-01,2026-04-06,22,福岡,一般,２１４６１　１４３３１２,2026-03-20,2026-03-25,18,徳山,一般,３１１５３　２５１２[４],2026-03-10,2026-03-15,22,福岡,一般,１　Ｆ３６　３　５　４,2026-02-24,2026-03-01,14,鳴門,ＧⅠ,４　３３１　４１１１３
202604222007,2026-04-22,20,07R,4208,三浦 永理,2026-04-10,2026-04-15,17,宮島,一般,２５１５２１３　３６３５,2026-03-24,2026-03-29,10,三国,ＧⅢ,１３２３１　２２６１[２],2026-03-09,2026-03-14,04,平和島,一般,６５３１３１１　２１[２],2026-02-24,2026-03-01,14,鳴門,ＧⅠ,５１４　２　３４１３１,2026-02-15,2026-02-20,16,児島,一般,１２３１４　１転４６４４,3509,池 千夏,2026-03-27,2026-03-31,16,児島,一般,４　４５１６４　３４,2026-03-12,2026-03-15,14,鳴門,一般,６　５６４　６６,2026-02-19,2026-02-24,06,浜名湖,一般,１３６　２３６５２　６６,2026-02-06,2026-02-11,02,戸田,一般,２　５不６　３６６　６,2026-01-17,2026-01-23,15,丸亀,ＧⅢ,４　２２４　４５１　６６,4590,渡邉 優美,2026-04-11,2026-04-16,22,福岡,ＧⅠ,２６４　３　４３４４１,2026-04-03,2026-04-07,21,芦屋,一般,５６１　２２４転４３,2026-03-24,2026-03-29,07,蒲郡,ＳＧ,６　５　６４６　５６６,2026-03-10,2026-03-15,22,福岡,一般,２　４１１６３３３６１５,2026-02-24,2026-03-01,14,鳴門,ＧⅠ,３４２　４　２１２　[５],5117,冨名腰 桃奈,2026-04-08,2026-04-13,23,からつ,ＧⅢ,４４３　３　３２５　３１,2026-03-17,2026-03-22,17,宮島,一般,４　５５５　　２３３３６,2026-02-14,2026-02-18,08,常滑,一般,６２６　６６６６２２,2026-01-30,2026-02-04,06,浜名湖,一般,３５６　３５１　２３４,2026-01-10,2026-01-13,18,徳山,一般,６　６６６３４,5283,植木 美帆,2026-04-08,2026-04-13,23,からつ,ＧⅢ,５５　　６　６４６　５,2026-03-14,2026-03-17,19,下関,一般,６　６５６　４６,2026-03-02,2026-03-06,04,平和島,一般,６　５５６　５５４,2026-02-04,2026-02-09,11,びわこ,一般,５　５６５　６　６６１,2025-11-24,2025-11-28,14,鳴門,一般,６２６　６　４５３,4225,土屋 千明,2026-04-05,2026-04-10,02,戸田,一般,２４３　３４１エ２４３１,2026-03-17,2026-03-22,17,宮島,一般,２５２　２４Ｆ３４　３,2026-03-01,2026-03-06,21,芦屋,一般,６５２　４５１１４　１３,2026-02-06,2026-02-11,16,児島,一般,２２１１３５１　３１[３],2026-01-23,2026-01-28,03,江戸川,ＧⅢ,６　２２１　２４３　[５]
202604222008,2026-04-22,20,08R,4994,山本 梨菜,2026-04-08,2026-04-13,23,からつ,ＧⅢ,４　１　２５２２１２[５],2026-03-28,2026-04-02,24,大村,一般,１２２　２１６２１２[転],2026-03-10,2026-03-15,18,徳山,ＧⅢ,２５１３５６３　３　２３,2026-02-23,2026-02-27,16,児島,一般,１６５１１３４４２３,2026-02-11,2026-02-16,21,芦屋,一般,５４３１３　１３１３３２,4347,魚谷 香織,2026-04-08,2026-04-13,23,からつ,ＧⅢ,３２４　４　３３３　１４,2026-03-24,2026-03-29,09,津,一般,３　３１４６３６２　２５,2026-03-12,2026-03-17,21,芦屋,一般,６４２　３２３５４　４１,2026-02-18,2026-02-23,22,福岡,一般,１１３３１　４２２１[４],2026-02-10,2026-02-14,19,下関,一般,４　３５３４１２４,4536,喜井 つかさ,2026-04-08,2026-04-13,23,からつ,ＧⅢ,５　３　２４５　５　６２,2026-03-24,2026-03-29,10,三国,ＧⅢ,３５１３２３３　１３３１,2026-03-12,2026-03-17,06,浜名湖,一般,５５１　３４４　５６,2026-03-01,2026-03-06,21,芦屋,一般,６２４２５３１　１５３４,2026-02-18,2026-02-23,22,福岡,一般,３５２１１２１　３１[２],4720,西澤 日花里,2026-04-01,2026-04-06,22,福岡,一般,４６１　５　２６５　５,2026-03-23,2026-03-27,12,住之江,一般,５２６　６４５　２,2026-03-10,2026-03-15,18,徳山,ＧⅢ,１４５　１３６５３　３４,2026-02-18,2026-02-23,22,福岡,一般,５　１１１６３６３４１３,2026-02-04,2026-02-09,11,びわこ,一般,１６６　５３３　３３５４,3994,小野 桜,2026-04-09,2026-04-15,15,丸亀,一般,２　６４４　３３４　６５４６,2026-03-30,2026-04-05,18,徳山,一般,１５６　２　５２,2026-03-17,2026-03-22,17,宮島,一般,３　１３３　５３２３１２,2026-02-26,2026-03-02,08,常滑,一般,１４１　４６４６２５,2026-02-06,2026-02-11,16,児島,一般,４５３　４５２　６２４,5412,久保田 凪紗,2026-04-08,2026-04-13,23,からつ,ＧⅢ,６　５　６　５６６　４６,2026-03-28,2026-04-02,02,戸田,一般,６　６５６６６　６　６,2026-03-10,2026-03-15,18,徳山,ＧⅢ,６　６５５　６　６６６,2026-02-11,2026-02-16,21,芦屋,一般,６　６６５　３６５６５５,2026-01-04,2026-01-09,23,からつ,ＧⅢ,６　６６５　６６６５６
202604222009,2026-04-22,20,09R,4289,落合 直子,2026-04-08,2026-04-13,23,からつ,ＧⅢ,２３１　５欠,2026-03-22,2026-03-27,22,福岡,一般,６　２３５３２５２　１４,2026-03-12,2026-03-17,07,蒲郡,一般,５３１　１５３　１４５６,2026-03-03,2026-03-08,11,びわこ,一般,３　１５１１１６５４４２,2026-02-23,2026-02-27,16,児島,一般,２５２　１５３３１４,4897,深見 亜由美,2026-04-09,2026-04-15,15,丸亀,一般,５　４４２　２６６　５６２４,2026-03-23,2026-03-27,12,住之江,一般,６　５５５　４　６５,2026-03-14,2026-03-17,19,下関,一般,５　５６６　６５,2026-03-03,2026-03-08,11,びわこ,一般,１４４　４２４　４６１４,2026-02-18,2026-02-23,22,福岡,一般,５　３４４　５３４　５４,4530,小野 生奈,2026-04-08,2026-04-13,23,からつ,ＧⅢ,１１４　１２１１１１[４],2026-03-24,2026-03-29,10,三国,ＧⅢ,２　１４６４３１２４２２,2026-02-24,2026-03-01,14,鳴門,ＧⅠ,２５４　２２１　１　[４],2026-01-30,2026-02-04,23,からつ,ＧⅠ,６４５　５１３　１４２,2026-01-22,2026-01-25,13,尼崎,ＧⅠ,６　４５６　５３,4893,渡邉 真奈美,2026-04-08,2026-04-13,23,からつ,ＧⅢ,４１　　４３３　４６１４,2026-03-27,2026-03-31,13,尼崎,一般,１４,2026-03-09,2026-03-14,04,平和島,一般,４　６１５２１４３　４１,2026-02-18,2026-02-23,22,福岡,一般,３４３　３４１　１５２４,2026-02-04,2026-02-09,11,びわこ,一般,６５６　５　２４４　６４,5213,湯淺 紀香,2026-04-10,2026-04-15,17,宮島,一般,１５６　１６５　５３４２,2026-03-28,2026-04-03,08,常滑,一般,４１２　１４５６１４３３,2026-02-18,2026-02-23,22,福岡,一般,３５５４３　２４３　４１,2026-02-11,2026-02-14,14,鳴門,一般,４４１　４５３４,2026-01-29,2026-02-03,13,尼崎,一般,６　４１５　２６３６５１,5203,神里 琴音,2026-04-01,2026-04-06,22,福岡,一般,１６１　３５１　３　３４,2026-03-23,2026-03-27,12,住之江,一般,１　５６３１４　４４,2026-03-10,2026-03-15,22,福岡,一般,６２６　３１２２２３１４,2026-02-21,2026-02-26,04,平和島,一般,１６３５５　２６４　３５,2026-02-06,2026-02-11,02,戸田,一般,３１５　２１５　５２[６]
202604222010,2026-04-22,20,10R,4443,津田 裕絵,2026-04-11,2026-04-14,04,平和島,一般,３２２３６　５５,2026-03-28,2026-04-03,08,常滑,一般,４２２　２２２３５４１４,2026-03-12,2026-03-17,21,芦屋,一般,５　５４６２３１４　１１,2026-03-03,2026-03-08,11,びわこ,一般,３５３２３　１４４１[３],2026-02-18,2026-02-23,22,福岡,一般,１２２６３４３　４６１５,4349,犬童 千秋,2026-03-30,2026-04-04,15,丸亀,一般,３６３　２５４　３４５４,2026-03-12,2026-03-17,07,蒲郡,一般,４２５　４５３　５５５６,2026-02-23,2026-02-27,16,児島,一般,４６２４５　５　６４,2026-02-12,2026-02-17,04,平和島,ＧⅢ,１２２　２４３４３５４１,2026-01-30,2026-02-02,02,戸田,一般,５３２　エ欠,3845,中谷 朋子,2026-04-08,2026-04-13,23,からつ,ＧⅢ,４　１　４３１　１４３１,2026-03-24,2026-03-29,10,三国,ＧⅢ,３４５　３　１４５Ｆ６,2026-03-10,2026-03-15,18,徳山,ＧⅢ,３　３３３　２５５　２２,2026-02-21,2026-02-25,07,蒲郡,一般,３　５６４３５３３,2026-02-06,2026-02-11,16,児島,一般,４　１１５　４４３　２２,5019,柴田 百恵,2026-04-05,2026-04-11,07,蒲郡,一般,３２２　４　３６６１２１４,2026-03-22,2026-03-27,22,福岡,一般,５６２５４　２　３５５,2026-02-12,2026-02-17,04,平和島,ＧⅢ,６３４　３１６４５３２,2026-01-30,2026-02-04,06,浜名湖,一般,５３１　１５１４６　４,2026-01-22,2026-01-26,23,からつ,一般,２　２２３６５２[５],4433,川野 芽唯,2026-04-12,2026-04-17,16,児島,一般,４６３２４　１２２２[４],2026-04-01,2026-04-06,22,福岡,一般,１６３　１２３２２２[４],2026-03-23,2026-03-27,12,住之江,一般,３６１　１２４２[４],2026-03-12,2026-03-17,21,芦屋,一般,１３４１３１１　１２[６],2026-02-24,2026-03-01,14,鳴門,ＧⅠ,５１５　１２１　６　１３,3579,中里 優子,2026-03-20,2026-03-25,05,多摩川,一般,４　２１３　６３４４５６,2026-02-28,2026-03-06,07,蒲郡,一般,４２３　６３３　２　２３３１,2026-02-13,2026-02-18,11,びわこ,一般,６５３　４４２　５３６２,2026-01-04,2026-01-09,23,からつ,ＧⅢ,２　１５１４２　３５２４,2025-12-22,2025-12-27,15,丸亀,一般,６　５２１　６　４　４６
202604222011,2026-04-22,20,11R,4387,平山 智加,2026-04-08,2026-04-13,23,からつ,ＧⅢ,１４３　４　４２２４４２,2026-03-17,2026-03-22,17,宮島,一般,１３４６３１３　２５１３,2026-03-08,2026-03-11,13,尼崎,一般,２５３３１５１５,2026-02-24,2026-03-01,14,鳴門,ＧⅠ,２４１　５　６３５４３,2026-02-14,2026-02-18,08,常滑,一般,４３３２１１１５１２,4874,池田 奈津美,2026-04-01,2026-04-06,22,福岡,一般,３２３　３４３　２２[３],2026-03-23,2026-03-27,12,住之江,一般,３　５３５３３　６,2026-03-12,2026-03-15,14,鳴門,一般,６５転　５　２１,2026-02-23,2026-02-27,16,児島,一般,５２２　２４１５６２,2026-02-10,2026-02-14,19,下関,一般,３１５　４１６　４３,4225,土屋 千明,2026-04-05,2026-04-10,02,戸田,一般,２４３　３４１エ２４３１,2026-03-17,2026-03-22,17,宮島,一般,２５２　２４Ｆ３４　３,2026-03-01,2026-03-06,21,芦屋,一般,６５２　４５１１４　１３,2026-02-06,2026-02-11,16,児島,一般,２２１１３５１　３１[３],2026-01-23,2026-01-28,03,江戸川,ＧⅢ,６　２２１　２４３　[５],4317,木村 紗友希,2026-04-05,2026-04-10,02,戸田,一般,５２６　１３４　１２１４,2026-03-24,2026-03-29,10,三国,ＧⅢ,２　５４５　１１４６１転,2026-03-11,2026-03-16,16,児島,一般,５　５６１　５５６　３５,2026-02-17,2026-02-22,19,下関,一般,２２５　３１５　転６１５,2026-01-30,2026-02-04,06,浜名湖,一般,６　２３６　４２１　２６,4464,山下 友貴,2026-04-06,2026-04-10,08,常滑,一般,４５４５６　２　２,2026-03-22,2026-03-27,22,福岡,一般,１１３　３１３５３３５１,2026-03-12,2026-03-17,06,浜名湖,一般,３　６３１　４５３３１２,2026-02-25,2026-02-28,13,尼崎,一般,１６３４３　４４,2026-02-12,2026-02-17,04,平和島,ＧⅢ,１　４５１１２　４５１１,4243,西村 歩,2026-04-06,2026-04-10,08,常滑,一般,１２５　５５４　１１,2026-03-24,2026-03-29,10,三国,ＧⅢ,１５６　１３１１２５３妨,2026-03-11,2026-03-16,16,児島,一般,１２４　６６５　４５４１,2026-03-01,2026-03-06,21,芦屋,一般,３　１３２５４４１５３３,2026-01-22,2026-01-26,23,からつ,一般,５　４３１４３１６６
202604222012,2026-04-22,20,12R,4590,渡邉 優美,2026-04-11,2026-04-16,22,福岡,ＧⅠ,２６４　３　４３４４１,2026-04-03,2026-04-07,21,芦屋,一般,５６１　２２４転４３,2026-03-24,2026-03-29,07,蒲郡,ＳＧ,６　５　６４６　５６６,2026-03-10,2026-03-15,22,福岡,一般,２　４１１６３３３６１５,2026-02-24,2026-03-01,14,鳴門,ＧⅠ,３４２　４　２１２　[５],4845,前田 紗希,2026-04-08,2026-04-13,23,からつ,ＧⅢ,２５１　１　１１５１[６],2026-03-28,2026-04-02,02,戸田,一般,１４２２５　２４２６３４,2026-03-10,2026-03-15,18,徳山,ＧⅢ,１３１１１２１　２１[１],2026-02-24,2026-03-01,14,鳴門,ＧⅠ,１　４４１　２１１　[２],2026-01-21,2026-01-26,16,児島,一般,１　６５欠欠,4961,西橋 奈未,2026-04-11,2026-04-16,22,福岡,ＧⅠ,２５５　４　１５５１２,2026-04-02,2026-04-07,09,津,ＧⅠ,４６４　６　４２４　４,2026-03-24,2026-03-29,10,三国,ＧⅢ,３転３１５２１　２　１４,2026-03-17,2026-03-22,23,からつ,ＧⅡ,３５１　３５２　４　２５,2026-03-08,2026-03-13,08,常滑,一般,１３４２　　５１１４３５,5193,米丸 乃絵,2026-04-11,2026-04-14,04,平和島,一般,１４１４４４１２,2026-04-01,2026-04-06,22,福岡,一般,２１４６１　１４３３１２,2026-03-20,2026-03-25,18,徳山,一般,３１１５３　２５１２[４],2026-03-10,2026-03-15,22,福岡,一般,１　Ｆ３６　３　５　４,2026-02-24,2026-03-01,14,鳴門,ＧⅠ,４　３３１　４１１１３,4240,今井 裕梨,2026-04-09,2026-04-15,15,丸亀,一般,１　２６３　６６４４２１３,2026-02-24,2026-03-01,14,鳴門,ＧⅠ,６　２１４　１　２　[６],2026-02-04,2026-02-09,11,びわこ,一般,２３１　１３２６２２[６],2026-01-23,2026-01-28,03,江戸川,ＧⅢ,２　３１１　Ｆ３５　２３,2026-01-10,2026-01-15,05,多摩川,一般,２　３　２１３４４１[２],4347,魚谷 香織,2026-04-08,2026-04-13,23,からつ,ＧⅢ,３２４　４　３３３　１４,2026-03-24,2026-03-29,09,津,一般,３　３１４６３６２　２５,2026-03-12,2026-03-17,21,芦屋,一般,６４２　３２３５４　４１,2026-02-18,2026-02-23,22,福岡,一般,１１３３１　４２２１[４],2026-02-10,2026-02-14,19,下関,一般,４　３５３４１２４
202604222202,2026-04-22,22,02R,5165,小林 愛実,2026-04-08,2026-04-12,11,びわこ,一般,５４６　４　６３３,2026-03-28,2026-04-03,08,常滑,一般,５３６　１　６５Ｆ５６,2026-03-19,2026-03-24,02,戸田,一般,５５６　５　５６４　エ５,2026-03-12,2026-03-15,14,鳴門,一般,３　６６６　６４,2026-02-23,2026-02-28,23,からつ,一般,４　４５６転４　６６４,3297,藤丸 光一,2026-04-03,2026-04-07,21,芦屋,一般,２　３５３４５２６,2026-03-18,2026-03-21,04,平和島,一般,３５５　５　１６,2026-02-28,2026-03-06,07,蒲郡,一般,１　４４３３４　３５３５２３,2026-02-12,2026-02-17,17,宮島,一般,５６５　２４４　６５６６,2026-01-25,2026-01-30,18,徳山,一般,６　５３３　２６２１５１,5009,大賀 龍之介,2026-04-07,2026-04-13,24,大村,一般,１　１４３１３　６１６１[４],2026-03-22,2026-03-25,13,尼崎,一般,６　２３１５２３,2026-03-06,2026-03-11,17,宮島,一般,２４１　２２４５３６４２,2026-02-22,2026-02-27,11,びわこ,一般,６　１５２４５　５４２,2026-02-10,2026-02-16,07,蒲郡,一般,６　２４３　６４４６６　３４,4941,孫崎 百世,2026-04-05,2026-04-10,02,戸田,一般,２５４　４４２　２Ｆ５,2026-03-24,2026-03-29,09,津,一般,１　２３２３３　１妨３,2026-03-17,2026-03-22,17,宮島,一般,４２３　６４４　１６２５,2026-03-03,2026-03-08,11,びわこ,一般,２４１　１４３３５３１３,2026-02-21,2026-02-25,07,蒲郡,一般,４５５　５　４２６５,4515,藤田 浩人,2026-04-11,2026-04-16,14,鳴門,一般,２６６２４　１５１４３,2026-03-28,2026-04-02,24,大村,一般,２　２４１　１３１３３１,2026-03-17,2026-03-22,23,からつ,ＧⅡ,３　４４２　５３２　６５,2026-02-27,2026-03-05,18,徳山,一般,３５１　４２１５４３２４１５,2026-02-15,2026-02-19,23,からつ,一般,１４３　４２１２[５],5403,藤山 湧太,2026-04-11,2026-04-16,14,鳴門,一般,　　　　　　　　　　６６,2026-04-08,2026-04-12,11,びわこ,一般,６　５６６　５　６６,2026-03-16,2026-03-19,10,三国,一般,５６４　６　５６,2026-02-23,2026-02-28,23,からつ,一般,５　３転４　３５４６３,2026-01-11,2026-01-17,14,鳴門,一般,　　４６４　４５６６４　４４
202604222203,2026-04-22,22,03R,4110,小澤 和也,2026-04-11,2026-04-14,04,平和島,一般,３５２　５６３,2026-03-18,2026-03-23,08,常滑,一般,２　５６２　６４４　６,2026-03-06,2026-03-09,23,からつ,一般,５　４２５　５６,2026-02-19,2026-02-24,06,浜名湖,一般,転２６　３６１　５１１５,2026-02-06,2026-02-11,02,戸田,一般,３５５　５１４　３　１３,3863,海老澤 泰行,2026-03-29,2026-04-03,06,浜名湖,一般,３　２３４　４４３　５２,2026-02-19,2026-02-23,24,大村,一般,４　２６６　４　３３,2026-02-02,2026-02-07,15,丸亀,一般,１　３３５　３５１２３６,2026-01-18,2026-01-22,20,若松,一般,６２１　３６２５３５,2026-01-04,2026-01-09,04,平和島,一般,２　４６４５１　６３Ｆ,4269,杉山 裕也,2026-03-14,2026-03-19,13,尼崎,ＧⅠ,６　３３３　４６２６４,2026-03-02,2026-03-06,04,平和島,一般,３１５　５　２　５１,2026-02-17,2026-02-22,19,下関,一般,５　３６４２１　２５１５,2026-02-05,2026-02-10,08,常滑,ＧⅠ,４２５　２　１５１　６３,2026-01-27,2026-02-01,12,住之江,一般,５２Ｆ　５　５　１　３,3580,水口 由紀,2026-04-06,2026-04-10,08,常滑,一般,５４６　４４３　６４,2026-03-24,2026-03-29,10,三国,ＧⅢ,１　３転５　３５６　６５,2026-03-03,2026-03-08,11,びわこ,一般,４　２５３　２２２５５６,2026-02-21,2026-02-25,07,蒲郡,一般,６　５５１４６６６,2026-02-12,2026-02-17,04,平和島,ＧⅢ,転　２５転,3809,吉田 光,2026-04-05,2026-04-10,10,三国,一般,５４５　３　５６３　４３,2026-01-21,2026-01-24,14,鳴門,一般,２　２　３３３２,2026-01-09,2026-01-13,17,宮島,一般,６４Ｌ　４　５　４,2025-12-27,2026-01-01,23,からつ,一般,１　４４４　３４３４２転,2025-12-13,2025-12-18,18,徳山,ＧⅢ,５　３２２Ｆ６４６　６,5373,諏訪 玲奈,2026-04-05,2026-04-11,07,蒲郡,一般,６　５４６　６６６　４　６６,2026-03-20,2026-03-25,05,多摩川,一般,６　６　４６５　５　４３,2026-02-19,2026-02-23,24,大村,一般,６６６　６６５　６,2026-02-06,2026-02-11,16,児島,一般,６　４６４　４３５　５５,2026-01-11,2026-01-14,02,戸田,一般,６　５３６６４
202604222204,2026-04-22,22,04R,5206,梅原 祥平,2026-04-12,2026-04-17,16,児島,一般,　　　　　　　　２５３２,2026-04-08,2026-04-12,11,びわこ,一般,２３４　３６３　５４,2026-03-16,2026-03-21,01,桐生,一般,４６１２５　１５４４２６,2026-02-26,2026-03-03,24,大村,一般,６　５６２　４６６　４６,2026-02-17,2026-02-22,13,尼崎,一般,５　６５５６５２５　３,3577,向所 浩二,2026-03-26,2026-03-31,19,下関,一般,３２４　４４２　５　２５,2026-03-11,2026-03-16,05,多摩川,一般,３５１　１４３　１６１４,2026-02-25,2026-02-28,13,尼崎,一般,６５１　４６１５,2026-02-04,2026-02-09,18,徳山,一般,３５６　４５４　４３５,2026-01-22,2026-01-26,23,からつ,一般,５３５　転欠,4271,川崎 公靖,2026-04-11,2026-04-16,14,鳴門,一般,４６２　６　６４４５５４,2026-03-20,2026-03-25,18,徳山,一般,４２３５５　５６１　４３,2026-03-06,2026-03-09,23,からつ,一般,５６４　２３１,2026-02-24,2026-03-01,01,桐生,一般,５６３　６６４　４　２３,2026-02-15,2026-02-20,16,児島,一般,５５６　４４５　２　６５,3350,藤本 佳史,2026-04-08,2026-04-12,11,びわこ,一般,６　１５５６４　５２,2026-03-26,2026-03-31,21,芦屋,ＧⅢ,６　６６６４６　４　６,2026-03-12,2026-03-17,06,浜名湖,一般,１　３４１６５６２　１２,2026-03-02,2026-03-05,13,尼崎,一般,４転,2026-02-20,2026-02-25,17,宮島,一般,６６２　３４３５３　６６,3784,中島 友和,2026-03-28,2026-04-02,23,からつ,一般,６　５４１　５３１　３１,2026-03-14,2026-03-17,19,下関,一般,４６６　５　３１,2026-03-01,2026-03-06,06,浜名湖,一般,２　６６５　２３６３３４,2026-02-11,2026-02-16,21,芦屋,一般,３６５　２４３４２２３,2026-01-22,2026-01-28,24,大村,一般,２１４　４５２　６　５４１６,4064,原田 篤志,2026-04-11,2026-04-16,14,鳴門,一般,３５１　３２１４６４５４,2026-03-19,2026-03-25,15,丸亀,一般,１４３　４１２１３３３２[５],2026-02-08,2026-02-12,03,江戸川,一般,４２２　１１１　[２],2026-01-29,2026-02-03,19,下関,ＧⅠ,６２２　４２４　３１６,2026-01-15,2026-01-20,24,大村,一般,３１４　４５３１１５３６
202604222206,2026-04-22,22,06R,4615,板倉 敦史,2026-03-26,2026-03-31,21,芦屋,ＧⅢ,５　６２６　４３３５４６,2026-03-09,2026-03-14,04,平和島,一般,４４６　４　３１６２５,2026-02-20,2026-02-25,17,宮島,一般,２４４　６５４　２４６,2026-02-04,2026-02-09,18,徳山,一般,５　５４３　２６３　４５,2026-01-17,2026-01-22,02,戸田,一般,５４６　３２４　２　５２,4562,阪本 勇介,2026-04-05,2026-04-10,10,三国,一般,４　４６３　２３４３１,2026-03-19,2026-03-24,02,戸田,一般,１３３　４５４　３４３,2026-03-02,2026-03-05,15,丸亀,一般,６４６　４４１,2026-02-19,2026-02-24,06,浜名湖,一般,４　３３３　４５３２３５,2026-02-08,2026-02-11,23,からつ,一般,４　５５３　３２,3489,大場 敏,2026-04-08,2026-04-12,11,びわこ,一般,２　１１２５５２[５],2026-03-28,2026-03-31,05,多摩川,一般,４２４４４　３５,2026-03-18,2026-03-23,08,常滑,一般,２４１１３　５６１５４２,2026-03-02,2026-03-06,04,平和島,一般,４４１　３　３　３１,2026-02-21,2026-02-25,07,蒲郡,一般,３５３　５１２　２５,4951,新田 洋一,2026-04-03,2026-04-07,21,芦屋,一般,３１４　４３４４３３,2026-03-19,2026-03-23,19,下関,一般,２　１６５３１５３３,2026-03-01,2026-03-07,20,若松,一般,３１４　４　１５２　２　４２,2026-02-15,2026-02-19,23,からつ,一般,６１６　４３３　３２,2026-01-29,2026-02-01,01,桐生,一般,５６５　４　６４,5165,小林 愛実,2026-04-08,2026-04-12,11,びわこ,一般,５４６　４　６３３,2026-03-28,2026-04-03,08,常滑,一般,５３６　１　６５Ｆ５６,2026-03-19,2026-03-24,02,戸田,一般,５５６　５　５６４　エ５,2026-03-12,2026-03-15,14,鳴門,一般,３　６６６　６４,2026-02-23,2026-02-28,23,からつ,一般,４　４５６転４　６６４,5132,中野 希一,2026-04-09,2026-04-14,06,浜名湖,一般,２５１１３６２１１１[６],2026-03-25,2026-03-30,04,平和島,一般,１２１３３　２１２１[１],2026-03-16,2026-03-21,01,桐生,一般,５　１２４１２１２２[３],2026-03-07,2026-03-12,02,戸田,一般,６４１１１　１３２３１１,2026-02-17,2026-02-22,13,尼崎,一般,２６６４
202604222207,2026-04-22,22,07R,3580,水口 由紀,2026-04-06,2026-04-10,08,常滑,一般,５４６　４４３　６４,2026-03-24,2026-03-29,10,三国,ＧⅢ,１　３転５　３５６　６５,2026-03-03,2026-03-08,11,びわこ,一般,４　２５３　２２２５５６,2026-02-21,2026-02-25,07,蒲郡,一般,６　５５１４６６６,2026-02-12,2026-02-17,04,平和島,ＧⅢ,転　２５転,3459,中野 和裕,2026-03-30,2026-04-04,15,丸亀,一般,３　１５５　６６６　４５,2026-02-19,2026-02-23,18,徳山,一般,３２６　４５５　６３,2026-02-03,2026-02-08,17,宮島,一般,４４５　６転３　５６４３,2026-01-22,2026-01-26,23,からつ,一般,４５５　Ｆ欠,2026-01-08,2026-01-13,20,若松,一般,５６１　５４２　４３,4473,藤堂 里香,2026-03-08,2026-03-13,08,常滑,一般,４６３５６６５　５　２６,2026-02-24,2026-03-01,14,鳴門,ＧⅠ,５　４　２３２　３２４４,2026-02-02,2026-02-07,15,丸亀,一般,３　１４２５５４５３３３,2026-01-23,2026-01-28,03,江戸川,ＧⅢ,２　２２１　Ｆ５２５１６,2026-01-06,2026-01-11,16,児島,一般,６　５５３５１４１　４２,4682,大上 卓人,2026-04-11,2026-04-14,04,平和島,一般,２６１２３１[４],2026-03-24,2026-03-29,07,蒲郡,ＳＧ,３１１　４　４２２　[６],2026-03-14,2026-03-19,13,尼崎,ＧⅠ,４　２３３　２２２　[６],2026-03-02,2026-03-07,16,児島,ＧⅠ,１　６４６　４５５　２,2026-02-15,2026-02-20,20,若松,ＧⅠ,３　６３５　２５６　４４,3297,藤丸 光一,2026-04-03,2026-04-07,21,芦屋,一般,２　３５３４５２６,2026-03-18,2026-03-21,04,平和島,一般,３５５　５　１６,2026-02-28,2026-03-06,07,蒲郡,一般,１　４４３３４　３５３５２３,2026-02-12,2026-02-17,17,宮島,一般,５６５　２４４　６５６６,2026-01-25,2026-01-30,18,徳山,一般,６　５３３　２６２１５１,4693,松下 誉士,2026-04-09,2026-04-15,15,丸亀,一般,６　６１４　６２６　６４５３,2026-03-26,2026-03-31,17,宮島,一般,３１５　６４４　４１３３,2026-03-18,2026-03-22,24,大村,一般,５４４　４５３　２,2026-03-01,2026-03-07,20,若松,一般,５　妨　６　６　３２５　６４,2026-02-15,2026-02-20,16,児島,一般,６４４　２５２　４６２
202604222208,2026-04-22,22,08R,4732,堀本 和也,2026-04-09,2026-04-15,15,丸亀,一般,２２３　４２１５３５３５１４,2026-03-24,2026-03-29,07,蒲郡,ＳＧ,３　５５１　３　２５４,2026-03-08,2026-03-13,24,大村,ＧⅠ,６　１　３２３５６　２６,2026-02-15,2026-02-20,20,若松,ＧⅠ,４　１　４６転４５６３,2026-01-31,2026-02-05,14,鳴門,ＧⅠ,３３４　１　４５２５１,4271,川崎 公靖,2026-04-11,2026-04-16,14,鳴門,一般,４６２　６　６４４５５４,2026-03-20,2026-03-25,18,徳山,一般,４２３５５　５６１　４３,2026-03-06,2026-03-09,23,からつ,一般,５６４　２３１,2026-02-24,2026-03-01,01,桐生,一般,５６３　６６４　４　２３,2026-02-15,2026-02-20,16,児島,一般,５５６　４４５　２　６５,5047,國分 将太郎,2026-04-06,2026-04-10,08,常滑,一般,３２３　１１４１[３],2026-03-20,2026-03-25,06,浜名湖,ＧⅢ,６１６　４６５　６５５,2026-03-06,2026-03-09,23,からつ,一般,３　３５５　３１,2026-02-19,2026-02-23,24,大村,一般,１　２３２　１２[５],2026-01-31,2026-02-03,10,三国,一般,２　３３１６５４,4521,小池 公生,2026-04-07,2026-04-13,24,大村,一般,６　４５５　４１４１４　３３,2026-03-28,2026-04-02,23,からつ,一般,５４１５２６４　３　２４,2026-03-18,2026-03-23,20,若松,一般,４６６　５５４６,2026-03-07,2026-03-10,03,江戸川,一般,２　５４６１２,2026-02-22,2026-02-27,11,びわこ,一般,４１６４３　２２３４１３,5403,藤山 湧太,2026-04-11,2026-04-16,14,鳴門,一般,　　　　　　　　　　６６,2026-04-08,2026-04-12,11,びわこ,一般,６　５６６　５　６６,2026-03-16,2026-03-19,10,三国,一般,５６４　６　５６,2026-02-23,2026-02-28,23,からつ,一般,５　３転４　３５４６３,2026-01-11,2026-01-17,14,鳴門,一般,　　４６４　４５６６４　４４,3809,吉田 光,2026-04-05,2026-04-10,10,三国,一般,５４５　３　５６３　４３,2026-01-21,2026-01-24,14,鳴門,一般,２　２　３３３２,2026-01-09,2026-01-13,17,宮島,一般,６４Ｌ　４　５　４,2025-12-27,2026-01-01,23,からつ,一般,１　４４４　３４３４２転,2025-12-13,2025-12-18,18,徳山,ＧⅢ,５　３２２Ｆ６４６　６
202604222209,2026-04-22,22,09R,4293,鈴木 智啓,2026-04-07,2026-04-13,24,大村,一般,３　４エ２　５６落　５　５６,2026-03-26,2026-03-31,17,宮島,一般,５　３１１３６３６３３４,2026-03-12,2026-03-16,11,びわこ,一般,６　４２２４４３２,2026-03-02,2026-03-06,04,平和島,一般,５１２３　　２　１６,2026-02-19,2026-02-23,18,徳山,一般,５　２４６５４　３３,4822,百武 翔,2026-04-11,2026-04-16,14,鳴門,一般,６　４Ｆ２　６　５　６,2026-03-26,2026-03-31,21,芦屋,ＧⅢ,２　２１５２２４１３３１,2026-03-12,2026-03-16,11,びわこ,一般,５５４３３　６１５,2026-03-02,2026-03-05,15,丸亀,一般,３３５　５３３２,2026-02-20,2026-02-25,17,宮島,一般,２５３６４　４転,4899,占部 一真,2026-04-03,2026-04-07,17,宮島,一般,６　２１３　２３２５,2026-03-19,2026-03-24,02,戸田,一般,６　６１６４６　４　３１,2026-03-01,2026-03-07,20,若松,一般,５　５　５４４　５　４６３,2026-02-10,2026-02-15,06,浜名湖,一般,５　２６２　６５４　２３,2026-01-29,2026-02-01,04,平和島,一般,２　３４２４４６,4064,原田 篤志,2026-04-11,2026-04-16,14,鳴門,一般,３５１　３２１４６４５４,2026-03-19,2026-03-25,15,丸亀,一般,１４３　４１２１３３３２[５],2026-02-08,2026-02-12,03,江戸川,一般,４２２　１１１　[２],2026-01-29,2026-02-03,19,下関,ＧⅠ,６２２　４２４　３１６,2026-01-15,2026-01-20,24,大村,一般,３１４　４５３１１５３６,5342,原村 百那,2026-03-28,2026-04-02,24,大村,一般,６　６４４５６Ｆ５　６,2026-03-19,2026-03-23,19,下関,一般,６　６落６　６３４,2026-03-03,2026-03-08,11,びわこ,一般,６　６６６　６６落　６３,2026-02-19,2026-02-23,18,徳山,一般,６　５　６６６　６５,2026-01-26,2026-01-29,09,津,一般,６　４６６６欠,4941,孫崎 百世,2026-04-05,2026-04-10,02,戸田,一般,２５４　４４２　２Ｆ５,2026-03-24,2026-03-29,09,津,一般,１　２３２３３　１妨３,2026-03-17,2026-03-22,17,宮島,一般,４２３　６４４　１６２５,2026-03-03,2026-03-08,11,びわこ,一般,２４１　１４３３５３１３,2026-02-21,2026-02-25,07,蒲郡,一般,４５５　５　４２６５
202604222210,2026-04-22,22,10R,4049,荒川 健太,2026-04-08,2026-04-12,11,びわこ,一般,４２４　１２４３３１,2026-03-26,2026-03-31,21,芦屋,ＧⅢ,６１３１３４６　２　３４,2026-03-12,2026-03-17,06,浜名湖,一般,３１５　１４２４１３２１,2026-03-02,2026-03-06,04,平和島,一般,２２２　２　３１[２],2026-02-20,2026-02-25,17,宮島,一般,３１３３２６２　３４３４,4515,藤田 浩人,2026-04-11,2026-04-16,14,鳴門,一般,２６６２４　１５１４３,2026-03-28,2026-04-02,24,大村,一般,２　２４１　１３１３３１,2026-03-17,2026-03-22,23,からつ,ＧⅡ,３　４４２　５３２　６５,2026-02-27,2026-03-05,18,徳山,一般,３５１　４２１５４３２４１５,2026-02-15,2026-02-19,23,からつ,一般,１４３　４２１２[５],5132,中野 希一,2026-04-09,2026-04-14,06,浜名湖,一般,２５１１３６２１１１[６],2026-03-25,2026-03-30,04,平和島,一般,１２１３３　２１２１[１],2026-03-16,2026-03-21,01,桐生,一般,５　１２４１２１２２[３],2026-03-07,2026-03-12,02,戸田,一般,６４１１１　１３２３１１,2026-02-17,2026-02-22,13,尼崎,一般,２６６４,3577,向所 浩二,2026-03-26,2026-03-31,19,下関,一般,３２４　４４２　５　２５,2026-03-11,2026-03-16,05,多摩川,一般,３５１　１４３　１６１４,2026-02-25,2026-02-28,13,尼崎,一般,６５１　４６１５,2026-02-04,2026-02-09,18,徳山,一般,３５６　４５４　４３５,2026-01-22,2026-01-26,23,からつ,一般,５３５　転欠,4535,北山 康介,2026-04-09,2026-04-15,15,丸亀,一般,３３４３３１４　２３３６１４,2026-03-28,2026-04-02,24,大村,一般,１４４　３１４　２６１３,2026-03-15,2026-03-20,03,江戸川,一般,２６１　１２１　５３[５],2026-03-04,2026-03-09,12,住之江,一般,５６１　４６５２１　５６,2026-02-20,2026-02-25,17,宮島,一般,２３５２３１１　２２[６],5207,高山 敬悟,2026-03-26,2026-03-31,21,芦屋,ＧⅢ,３　５６６　５２３６５,2026-03-16,2026-03-19,10,三国,一般,４　６転３　４１,2026-02-26,2026-03-03,24,大村,一般,１　２４１　転４２４１６,2026-02-05,2026-02-10,01,桐生,一般,４　１３５５転５２　６２,2025-12-18,2025-12-23,21,芦屋,一般,３　６４４　５４４　４１
202604222211,2026-04-22,22,11R,4350,篠崎 元志,2026-03-14,2026-03-19,13,尼崎,ＧⅠ,４１４　３エ２　５　１４,2026-02-25,2026-03-02,19,下関,ＧⅢ,３２２　１１３１２１[５],2026-02-15,2026-02-20,20,若松,ＧⅠ,２４５　１　６２５　１５,2026-01-30,2026-02-04,23,からつ,ＧⅠ,５　４４３１２　４　２２,2026-01-21,2026-01-26,16,児島,一般,２１２　１３２１２１[４],3784,中島 友和,2026-03-28,2026-04-02,23,からつ,一般,６　５４１　５３１　３１,2026-03-14,2026-03-17,19,下関,一般,４６６　５　３１,2026-03-01,2026-03-06,06,浜名湖,一般,２　６６５　２３６３３４,2026-02-11,2026-02-16,21,芦屋,一般,３６５　２４３４２２３,2026-01-22,2026-01-28,24,大村,一般,２１４　４５２　６　５４１６,4390,松本 弓雄,2026-04-08,2026-04-12,11,びわこ,一般,４　３５５　５６６,2026-03-23,2026-03-27,12,住之江,一般,５６１　４　６　４６,2026-03-12,2026-03-15,14,鳴門,一般,３　１１４３３３,2026-03-01,2026-03-07,20,若松,一般,１６　　１　５４４　２５３５,2026-02-10,2026-02-15,13,尼崎,一般,４　３３１　６４１６５６,3489,大場 敏,2026-04-08,2026-04-12,11,びわこ,一般,２　１１２５５２[５],2026-03-28,2026-03-31,05,多摩川,一般,４２４４４　３５,2026-03-18,2026-03-23,08,常滑,一般,２４１１３　５６１５４２,2026-03-02,2026-03-06,04,平和島,一般,４４１　３　３　３１,2026-02-21,2026-02-25,07,蒲郡,一般,３５３　５１２　２５,4269,杉山 裕也,2026-03-14,2026-03-19,13,尼崎,ＧⅠ,６　３３３　４６２６４,2026-03-02,2026-03-06,04,平和島,一般,３１５　５　２　５１,2026-02-17,2026-02-22,19,下関,一般,５　３６４２１　２５１５,2026-02-05,2026-02-10,08,常滑,ＧⅠ,４２５　２　１５１　６３,2026-01-27,2026-02-01,12,住之江,一般,５２Ｆ　５　５　１　３,4473,藤堂 里香,2026-03-08,2026-03-13,08,常滑,一般,４６３５６６５　５　２６,2026-02-24,2026-03-01,14,鳴門,ＧⅠ,５　４　２３２　３２４４,2026-02-02,2026-02-07,15,丸亀,一般,３　１４２５５４５３３３,2026-01-23,2026-01-28,03,江戸川,ＧⅢ,２　２２１　Ｆ５２５１６,2026-01-06,2026-01-11,16,児島,一般,６　５５３５１４１　４２
202604222212,2026-04-22,22,12R,4682,大上 卓人,2026-04-11,2026-04-14,04,平和島,一般,２６１２３１[４],2026-03-24,2026-03-29,07,蒲郡,ＳＧ,３１１　４　４２２　[６],2026-03-14,2026-03-19,13,尼崎,ＧⅠ,４　２３３　２２２　[６],2026-03-02,2026-03-07,16,児島,ＧⅠ,１　６４６　４５５　２,2026-02-15,2026-02-20,20,若松,ＧⅠ,３　６３５　２５６　４４,4951,新田 洋一,2026-04-03,2026-04-07,21,芦屋,一般,３１４　４３４４３３,2026-03-19,2026-03-23,19,下関,一般,２　１６５３１５３３,2026-03-01,2026-03-07,20,若松,一般,３１４　４　１５２　２　４２,2026-02-15,2026-02-19,23,からつ,一般,６１６　４３３　３２,2026-01-29,2026-02-01,01,桐生,一般,５６５　４　６４,3350,藤本 佳史,2026-04-08,2026-04-12,11,びわこ,一般,６　１５５６４　５２,2026-03-26,2026-03-31,21,芦屋,ＧⅢ,６　６６６４６　４　６,2026-03-12,2026-03-17,06,浜名湖,一般,１　３４１６５６２　１２,2026-03-02,2026-03-05,13,尼崎,一般,４転,2026-02-20,2026-02-25,17,宮島,一般,６６２　３４３５３　６６,4732,堀本 和也,2026-04-09,2026-04-15,15,丸亀,一般,２２３　４２１５３５３５１４,2026-03-24,2026-03-29,07,蒲郡,ＳＧ,３　５５１　３　２５４,2026-03-08,2026-03-13,24,大村,ＧⅠ,６　１　３２３５６　２６,2026-02-15,2026-02-20,20,若松,ＧⅠ,４　１　４６転４５６３,2026-01-31,2026-02-05,14,鳴門,ＧⅠ,３３４　１　４５２５１,5009,大賀 龍之介,2026-04-07,2026-04-13,24,大村,一般,１　１４３１３　６１６１[４],2026-03-22,2026-03-25,13,尼崎,一般,６　２３１５２３,2026-03-06,2026-03-11,17,宮島,一般,２４１　２２４５３６４２,2026-02-22,2026-02-27,11,びわこ,一般,６　１５２４５　５４２,2026-02-10,2026-02-16,07,蒲郡,一般,６　２４３　６４４６６　３４,4227,安達 裕樹,2026-04-08,2026-04-12,11,びわこ,一般,１４３５３１４４１２,2026-03-24,2026-03-29,09,津,一般,１　４６３３２　１エ,2026-03-11,2026-03-16,05,多摩川,一般,４３５１３５３　１　３１,2026-03-01,2026-03-06,21,芦屋,一般,１　５４１２２２４３２１,2026-02-17,2026-02-22,19,下関,一般,４１４　３３１　１１[５]
202604222401,2026-04-22,24,01R,5208,屋良 龍紀,2026-04-04,2026-04-09,16,児島,一般,４　１５５　６５６　２６,2026-03-25,2026-03-30,04,平和島,一般,１　４５５６１　３２４,2026-03-07,2026-03-12,02,戸田,一般,６５６　６１４　６　３,2026-02-21,2026-02-26,21,芦屋,一般,５　３２２　４６４４４５,2026-02-10,2026-02-14,15,丸亀,一般,６　６６５　１　５,5282,中本 大樹,2026-04-03,2026-04-07,21,芦屋,一般,２　５３１５６　１５,2026-03-16,2026-03-21,01,桐生,一般,２２３　３３４　４１[２],2026-03-06,2026-03-09,23,からつ,一般,３６５　５　２３,2026-02-17,2026-02-22,13,尼崎,一般,４３１　４４５　３２１２,2026-02-01,2026-02-04,03,江戸川,一般,１４６６６　６６,5246,楠 将太郎,2026-04-03,2026-04-07,21,芦屋,一般,６Ｆ３　３　６　５,2026-03-23,2026-03-27,12,住之江,一般,６　２４１１２５４４,2026-03-07,2026-03-12,02,戸田,一般,１　１２２　２４５６１５,2026-02-25,2026-03-01,02,戸田,一般,５　６２３４６　１,2026-02-17,2026-02-22,13,尼崎,一般,２６４　２３５５落　２４,5420,吉原 快誓,2026-04-04,2026-04-09,16,児島,一般,６　６６６　６６６　５６,2026-03-12,2026-03-15,14,鳴門,一般,６６３　６　４６,2026-01-29,2026-02-03,16,児島,一般,４　落６６　６６６　６,2026-01-08,2026-01-13,20,若松,一般,６　５４６　６６Ｆ６,2025-12-25,2025-12-30,22,福岡,一般,５　４４６６５,5318,河内 一馬,2026-04-09,2026-04-14,06,浜名湖,一般,１　５２２　５３２　１６,2026-03-25,2026-03-30,04,平和島,一般,４　６６３　２４５　３４,2026-03-07,2026-03-12,02,戸田,一般,５　５５６　５６３　１,2026-02-25,2026-02-28,13,尼崎,一般,３６６　５　２６,2026-02-14,2026-02-18,01,桐生,一般,４　６６５　１６６５,5426,甲斐 貴大,2026-03-27,2026-03-31,16,児島,一般,４　６６４　６５５,2026-03-12,2026-03-17,21,芦屋,一般,　　　　　　６５６６６６,2026-02-27,2026-03-05,18,徳山,一般,６　６６６　６６６　６　６６,2026-02-02,2026-02-07,15,丸亀,一般,６　６６６　６５６　６６,2026-01-14,2026-01-19,22,福岡,一般,６　６６６６６　６６６
202604222402,2026-04-22,24,02R,5316,村松 将平,2026-04-09,2026-04-14,06,浜名湖,一般,１３２　３２１６２５６５,2026-03-26,2026-03-31,17,宮島,一般,２２２　２３２１４１[３],2026-03-09,2026-03-14,04,平和島,一般,３　４３１６３２１５５Ｆ,2026-02-22,2026-02-28,12,住之江,一般,６４２　３６６　２　３３４,2026-02-14,2026-02-18,08,常滑,一般,　　　　　　　　５３,5398,鐘ヶ江 真司,2026-03-29,2026-04-03,06,浜名湖,一般,４　６５４　６５５　４,2026-03-17,2026-03-22,23,からつ,ＧⅡ,　　　　　　　　６５６,2026-03-10,2026-03-15,22,福岡,一般,６　５６３　４５５　１５,2026-03-01,2026-03-06,21,芦屋,一般,６５６　５６５　５　３４,2026-02-22,2026-02-27,11,びわこ,一般,５　６４４　４３５　５４,5309,森 雄利,2026-04-05,2026-04-10,10,三国,一般,５　５１５６５　３　５４,2026-03-19,2026-03-24,16,児島,一般,５　４５４　１６１　５１,2026-02-26,2026-03-03,24,大村,一般,５２６　２６４　３　６２,2026-02-08,2026-02-11,23,からつ,一般,６　６６５　６６,2026-01-23,2026-01-26,19,下関,一般,５　５５５　３３,5369,岡崎 凪汰,2026-04-09,2026-04-15,15,丸亀,一般,６　５Ｆ６　６　６　５　６,2026-03-25,2026-03-30,04,平和島,一般,５　６６２　転５６　５６,2026-03-12,2026-03-15,14,鳴門,一般,５５１　２４６４,2026-02-26,2026-03-03,24,大村,一般,３２５　６３４　４３５,2026-01-29,2026-02-03,16,児島,一般,５　２２５　６４６　１５,5351,齊藤 廉,2026-04-05,2026-04-10,10,三国,一般,５　６２５　５６４　３５,2026-03-16,2026-03-21,01,桐生,一般,４　６５５　４５６　４１,2026-02-28,2026-03-03,03,江戸川,一般,４５２　５２１５,2026-02-17,2026-02-22,13,尼崎,一般,４　４５２　５３２２１エ,2026-02-08,2026-02-11,23,からつ,一般,　　　　２２１,5343,小林 礼央,2026-03-29,2026-04-03,06,浜名湖,一般,５５６　４４６　６　２,2026-02-28,2026-03-05,22,福岡,一般,４５,2026-02-20,2026-02-25,17,宮島,一般,　　　　　　　　　　６４,2026-02-12,2026-02-16,18,徳山,一般,６　４６５　４　４５,2026-01-29,2026-02-03,16,児島,一般,２５１　３５２　５６５２
202604222403,2026-04-22,24,03R,5216,長谷川 晴哉,2026-04-09,2026-04-14,06,浜名湖,一般,２　４５３　３６２　３１,2026-03-25,2026-03-30,04,平和島,一般,３３３２５　１３転４３４,2026-03-16,2026-03-21,01,桐生,一般,１２１１４　１３３１[１],2026-03-06,2026-03-12,01,桐生,一般,１３６　　　１３１６２５２３,2026-02-17,2026-02-22,13,尼崎,一般,３　２３６３３６６４１,5307,富永 夏哉人,2026-04-03,2026-04-07,21,芦屋,一般,４５２２１　２２[１],2026-03-16,2026-03-21,01,桐生,一般,４６５　２３１　３４４,2026-03-07,2026-03-12,02,戸田,一般,６３２　１５５　４３５,2026-02-25,2026-03-02,19,下関,ＧⅢ,２３５　４５１６５２３,2026-02-11,2026-02-14,14,鳴門,一般,５　５４６２５,5220,青木 蓮,2026-04-09,2026-04-14,06,浜名湖,一般,Ｆ６３　４　３　４　３,2026-03-28,2026-04-02,02,戸田,一般,１１２　５３３４２５１１,2026-03-16,2026-03-21,01,桐生,一般,２　１２３２６１２１３１,2026-03-07,2026-03-12,02,戸田,一般,１３１　１１３１１１[６],2026-02-26,2026-03-03,24,大村,一般,２５３１１　５　１４１３,5244,黒田 剛,2026-03-25,2026-03-30,04,平和島,一般,５　４４６　３６５　６３,2026-03-16,2026-03-19,10,三国,一般,転　２６２　２１,2026-02-28,2026-03-03,03,江戸川,一般,２６３４３　５１,2026-02-15,2026-02-19,23,からつ,一般,４　５４５　２　６４,2026-01-29,2026-02-01,01,桐生,一般,２　４５６３４,5222,津田 陸翔,2026-04-09,2026-04-14,06,浜名湖,一般,３２２　１５４６１４１４,2026-03-27,2026-03-31,16,児島,一般,２２１５１　６２[落],2026-03-17,2026-03-22,23,からつ,ＧⅡ,５　５３落,2026-03-07,2026-03-12,02,戸田,一般,１２１５５　１２３３１２,2026-02-10,2026-02-14,15,丸亀,一般,４３エ３６　３３３２,5382,山下 心一,2026-03-24,2026-03-29,09,津,一般,２５４　５６４　６　５６,2026-02-12,2026-02-17,17,宮島,一般,５　６５３４４　５５６,2026-01-23,2026-01-28,07,蒲郡,一般,５　５３４　６　６３３４,2026-01-10,2026-01-15,03,江戸川,一般,６５６６６,2025-12-29,2026-01-03,21,芦屋,一般,６　５４５　１Ｆ４　２
202604222404,2026-04-22,24,04R,5161,登玉 隼百,2026-04-03,2026-04-08,04,平和島,一般,２２１　２５２　１１[２],2026-03-18,2026-03-23,08,常滑,一般,４６４　２５４　６　２１,2026-03-07,2026-03-10,03,江戸川,一般,エ　６６２６６,2026-02-23,2026-02-27,16,児島,一般,３　５１１６５４４６,2026-01-17,2026-01-22,02,戸田,一般,３　１６１１１５１１[６],5286,坂井 滉哉,2026-03-22,2026-03-27,22,福岡,一般,４　１４１　１４５４６６,2026-03-07,2026-03-10,03,江戸川,一般,６２６　４５３１,2026-02-26,2026-03-03,24,大村,一般,１　３５３２３　６６２４,2026-02-10,2026-02-15,06,浜名湖,一般,６　５５２　３５４,2026-01-25,2026-01-30,11,びわこ,一般,２４２　４２１　２６３５,5211,高井 駿弥,2026-03-25,2026-03-30,04,平和島,一般,６　３４２４２　３３２,2026-03-07,2026-03-12,02,戸田,一般,３　６５５　１６４　３６,2026-02-23,2026-02-28,23,からつ,一般,５６４　５　３２２　４２,2026-02-08,2026-02-12,03,江戸川,一般,１　６６４　４６４５,2026-01-24,2026-01-27,06,浜名湖,一般,３４５　５２５３,5377,鳥居塚 嶺王,2026-04-09,2026-04-14,06,浜名湖,一般,４　２６５　６５５　４,2026-03-16,2026-03-21,01,桐生,一般,５３３　３　５４１　３１,2026-03-07,2026-03-12,02,戸田,一般,５　６　３４６２６　６６,2026-02-17,2026-02-22,13,尼崎,一般,２６４　４４６　４６５６,2026-02-04,2026-02-07,04,平和島,一般,５５３　６６３３,5221,竹間 隆晟,2026-04-03,2026-04-08,12,住之江,ＧⅠ,６　１　３５４３１４４５,2026-03-25,2026-03-30,04,平和島,一般,３６１３４　２１１２[３],2026-03-16,2026-03-21,01,桐生,一般,２４１　２３１５３３２３,2026-03-07,2026-03-12,02,戸田,一般,１６２３４１３　２２[１],2026-02-17,2026-02-22,13,尼崎,一般,転４２　１２２１１２[４],5270,小玉 啓太,2026-03-28,2026-04-02,23,からつ,一般,転　５３５　４２２４５,2026-03-16,2026-03-21,01,桐生,一般,６３２　３５２　３　４１,2026-02-26,2026-03-03,24,大村,一般,１３３　５３１　１２[４],2026-02-13,2026-02-18,11,びわこ,一般,６　６４３　６６５１６５,2026-01-29,2026-02-01,04,平和島,一般,６　３５２　３２
202604222405,2026-04-22,24,05R,5016,宮田 龍馬,2026-04-05,2026-04-11,07,蒲郡,一般,Ｆ　１５３　４　３　４　３,2026-03-26,2026-03-31,21,芦屋,ＧⅢ,１　６３１３３３２３１６,2026-03-14,2026-03-19,13,尼崎,ＧⅠ,５　３　１４５１６　１６,2026-02-28,2026-03-03,03,江戸川,一般,１２１　３３[３],2026-02-15,2026-02-20,16,児島,一般,１　１４１３４沈４６４５,5145,島川 海輝,2026-04-09,2026-04-14,06,浜名湖,一般,２　４４１６３　２４１５,2026-03-28,2026-04-02,02,戸田,一般,２　５１４２４６５　１６,2026-03-17,2026-03-22,23,からつ,ＧⅡ,６　１　１５２４４　１４,2026-03-02,2026-03-05,15,丸亀,一般,５　４２５２５６,2026-02-19,2026-02-23,24,大村,一般,６　５５,5170,佐藤 太亮,2026-03-25,2026-03-30,04,平和島,一般,１６３　４６６　３２３,2026-03-07,2026-03-12,02,戸田,一般,６　４６４　４６５　５,2026-02-17,2026-02-22,13,尼崎,一般,３　５４３　１３１５２４,2026-02-08,2026-02-11,20,若松,一般,６　３５２　４５,2026-01-20,2026-01-26,10,三国,一般,２２３　２５５２２５１５,5258,仲本 舜,2026-03-29,2026-04-03,06,浜名湖,一般,５４３　４　４３６　４,2026-03-15,2026-03-20,03,江戸川,一般,４４１　２６６　３６２,2026-02-24,2026-03-01,01,桐生,一般,４２４　３２１１５　１４,2026-02-12,2026-02-16,18,徳山,一般,４　４４２　４　６１,2026-01-26,2026-01-31,22,福岡,一般,３　１６３４１　１３３４,5034,若林 義人,2026-04-02,2026-04-07,09,津,ＧⅠ,２　１３３　４　２　[６],2026-03-16,2026-03-21,01,桐生,一般,２６１１１　１１６２[６],2026-03-07,2026-03-12,02,戸田,一般,１５１１３　１２６２[４],2026-02-26,2026-03-03,24,大村,一般,３１１　３　６１３１[６],2026-02-17,2026-02-22,13,尼崎,一般,５５１１３　１４２１[２],5374,木山 大聖,2026-04-09,2026-04-14,06,浜名湖,一般,６　５４５　３３５　４６,2026-03-16,2026-03-21,01,桐生,一般,４　２Ｆ４　６　５　６,2026-02-28,2026-03-05,22,福岡,一般,５３５　５５４　５５３,2026-02-10,2026-02-14,19,下関,一般,６　４４５　６５４,2026-01-20,2026-01-25,17,宮島,一般,６　４６５　６６４　６５
202604222406,2026-04-22,24,06R,5196,鰐部 太空海,2026-04-09,2026-04-14,06,浜名湖,一般,１１３６３２１４２６１４,2026-03-25,2026-03-30,04,平和島,一般,１５２１６２４　４４１５,2026-03-16,2026-03-21,01,桐生,一般,１　１４５４１１１１[５],2026-03-07,2026-03-10,03,江戸川,一般,４　３１６　２３,2026-02-26,2026-03-03,24,大村,一般,３６３　３１２２２２[２],5138,村本 大成,2026-03-26,2026-03-31,19,下関,一般,５６５　６５３　５　６５,2026-03-07,2026-03-10,03,江戸川,一般,５５３　６４１,2026-02-19,2026-02-23,18,徳山,一般,４　５６３　４５６,2026-01-27,2026-02-01,21,芦屋,一般,欠,2026-01-17,2026-01-20,13,尼崎,一般,５５５　６　４２,5134,大原 祥昌,2026-03-16,2026-03-21,01,桐生,一般,１１４１５　５２１エ,2026-02-25,2026-03-02,19,下関,ＧⅢ,１　５３２６２６１３６６,2026-02-12,2026-02-16,18,徳山,一般,１１２　４２４１[５],2026-01-30,2026-02-02,02,戸田,一般,４　２５３５２１,2026-01-20,2026-01-26,10,三国,一般,３　２４１１３転１４５４,5247,大森 翼,2026-03-29,2026-04-03,06,浜名湖,一般,２６５　３　３　３４５１,2026-03-15,2026-03-20,03,江戸川,一般,５６２　１１４　４１５６,2026-02-17,2026-02-22,13,尼崎,一般,１　落２１　５２５４４２,2026-02-04,2026-02-07,04,平和島,一般,２６６　５５４４,2026-01-21,2026-01-26,16,児島,一般,３　６３４　４６３６３,5191,飛田 江己,2026-04-09,2026-04-14,06,浜名湖,一般,３２１３５３３１３２[３],2026-03-30,2026-04-05,18,徳山,一般,１６２　２２５１２２[４],2026-03-19,2026-03-24,02,戸田,一般,３５３１１　４１３６１６,2026-03-08,2026-03-13,24,大村,ＧⅠ,２　１６５　５　２３２,2026-02-18,2026-02-24,03,江戸川,ＧⅠ,不　５５６　６１欠,5319,近藤 颯斗,2026-03-27,2026-03-31,13,尼崎,一般,４４３　１５１　１６,2026-03-12,2026-03-17,07,蒲郡,一般,４　転１３　２４２２１５,2026-02-21,2026-02-26,04,平和島,一般,５５２　４３４２６　５１,2026-02-06,2026-02-11,10,三国,一般,落　５１３　５５６,2026-01-20,2026-01-25,17,宮島,一般,１　４３３　５３６２[６]
202604222407,2026-04-22,24,07R,5252,荒木 颯斗,2026-04-03,2026-04-07,17,宮島,一般,６　５５２　５１１１,2026-03-16,2026-03-21,01,桐生,一般,２４５　３４２６１　３２,2026-03-07,2026-03-12,02,戸田,一般,３３３　２２２５３５３１,2026-02-19,2026-02-23,24,大村,一般,２６６　３６２　１６,2026-02-10,2026-02-14,15,丸亀,一般,３３２１３　４３２３,5336,瀬川 大地,2026-04-09,2026-04-14,06,浜名湖,一般,４１４　３４６　４５４,2026-03-16,2026-03-21,01,桐生,一般,５６３　４　３５３　４３,2026-03-07,2026-03-12,02,戸田,一般,６　６５６　５６６　６,2026-02-26,2026-03-03,24,大村,一般,５６４　２４４３６　転,2026-02-10,2026-02-14,19,下関,一般,５　６６６　２　５６,5236,小宮 涼雅,2026-04-03,2026-04-07,21,芦屋,一般,４　６２５　３２５５,2026-03-27,2026-03-31,16,児島,一般,２　３４３４６　５３,2026-03-16,2026-03-21,01,桐生,一般,５５５　６６６　３　４６,2026-02-26,2026-03-03,24,大村,一般,５　４４５　２６２　５６,2026-02-10,2026-02-14,19,下関,一般,６　２５３　２転５２,5276,大島 隆乃介,2026-03-25,2026-03-30,04,平和島,一般,４３１　３４３５２　４転,2026-03-07,2026-03-12,02,戸田,一般,２４３　４２６　３５４,2026-02-26,2026-03-03,24,大村,一般,４　１４２　３５１　１５,2026-02-10,2026-02-16,07,蒲郡,一般,４　４３４３２　４３４４１３,2026-01-25,2026-01-28,20,若松,一般,転６６２５　１,5345,牧村 俊輝,2026-04-09,2026-04-14,06,浜名湖,一般,５３３　１６５　４　６５,2026-03-25,2026-03-30,04,平和島,一般,４３５　６４１　５４６,2026-03-16,2026-03-21,01,桐生,一般,５　５４５　５５６　５４,2026-02-26,2026-03-03,24,大村,一般,６６６　４２５４６　４,2026-02-14,2026-02-18,08,常滑,一般,　　　　　　　　５５,5012,加倉 侑征,2026-04-05,2026-04-10,10,三国,一般,２１２１２２３　１６２５,2026-03-19,2026-03-25,15,丸亀,一般,１２４　５１４５５２１３２１,2026-03-07,2026-03-10,03,江戸川,一般,４　５４３５２,2026-02-22,2026-02-27,11,びわこ,一般,５６１　２２５３２５３３,2026-02-06,2026-02-11,02,戸田,一般,２　３５４１６１３２[３]
202604222408,2026-04-22,24,08R,5081,篠原 飛翔,2026-03-28,2026-04-02,23,からつ,一般,５　３４３５１Ｆ６　４,2026-03-15,2026-03-20,03,江戸川,一般,５　２６４　２２１　１５,2026-03-01,2026-03-07,20,若松,一般,２２　　３　２２５１１３３１,2026-02-17,2026-02-22,19,下関,一般,３３１　３　５３１６２２,2026-02-04,2026-02-09,18,徳山,一般,３２１２１３１　４４２５,5244,黒田 剛,2026-03-25,2026-03-30,04,平和島,一般,５　４４６　３６５　６３,2026-03-16,2026-03-19,10,三国,一般,転　２６２　２１,2026-02-28,2026-03-03,03,江戸川,一般,２６３４３　５１,2026-02-15,2026-02-19,23,からつ,一般,４　５４５　２　６４,2026-01-29,2026-02-01,01,桐生,一般,２　４５６３４,5127,沼田 大都,2026-03-22,2026-03-27,22,福岡,一般,２５６　１　３６１　５２,2026-02-27,2026-03-05,18,徳山,一般,３　３１２６３　５６１　３５,2026-01-21,2026-01-25,01,桐生,一般,３６１　１　５５５６,2026-01-07,2026-01-11,07,蒲郡,一般,５　１２２４３４３３,2025-12-29,2026-01-03,08,常滑,一般,４　５６５　６２３　３５,5302,秋末 秦悟,2026-04-06,2026-04-10,08,常滑,一般,４３５　４　２６６２,2026-03-16,2026-03-21,01,桐生,一般,Ｆ５６　３　３　５　６,2026-02-28,2026-03-03,03,江戸川,一般,６６６　６６１５,2026-02-10,2026-02-15,06,浜名湖,一般,２５６　６５４　４６４,2026-01-30,2026-02-02,02,戸田,一般,４　２５６４３,5398,鐘ヶ江 真司,2026-03-29,2026-04-03,06,浜名湖,一般,４　６５４　６５５　４,2026-03-17,2026-03-22,23,からつ,ＧⅡ,　　　　　　　　６５６,2026-03-10,2026-03-15,22,福岡,一般,６　５６３　４５５　１５,2026-03-01,2026-03-06,21,芦屋,一般,６５６　５６５　５　３４,2026-02-22,2026-02-27,11,びわこ,一般,５　６４４　４３５　５４,5185,加藤 優弥,2026-04-03,2026-04-07,21,芦屋,一般,２　６５４２１　１５,2026-03-16,2026-03-19,10,三国,一般,６５３　２１６４,2026-03-07,2026-03-11,10,三国,一般,４　３２１５１６１６,2026-02-21,2026-02-26,04,平和島,一般,５　４６５５５４６　６６,2026-02-06,2026-02-11,02,戸田,一般,１４１　３　１５３３３２
202604222409,2026-04-22,24,09R,5222,津田 陸翔,2026-04-09,2026-04-14,06,浜名湖,一般,３２２　１５４６１４１４,2026-03-27,2026-03-31,16,児島,一般,２２１５１　６２[落],2026-03-17,2026-03-22,23,からつ,ＧⅡ,５　５３落,2026-03-07,2026-03-12,02,戸田,一般,１２１５５　１２３３１２,2026-02-10,2026-02-14,15,丸亀,一般,４３エ３６　３３３２,5016,宮田 龍馬,2026-04-05,2026-04-11,07,蒲郡,一般,Ｆ　１５３　４　３　４　３,2026-03-26,2026-03-31,21,芦屋,ＧⅢ,１　６３１３３３２３１６,2026-03-14,2026-03-19,13,尼崎,ＧⅠ,５　３　１４５１６　１６,2026-02-28,2026-03-03,03,江戸川,一般,１２１　３３[３],2026-02-15,2026-02-20,16,児島,一般,１　１４１３４沈４６４５,5351,齊藤 廉,2026-04-05,2026-04-10,10,三国,一般,５　６２５　５６４　３５,2026-03-16,2026-03-21,01,桐生,一般,４　６５５　４５６　４１,2026-02-28,2026-03-03,03,江戸川,一般,４５２　５２１５,2026-02-17,2026-02-22,13,尼崎,一般,４　４５２　５３２２１エ,2026-02-08,2026-02-11,23,からつ,一般,　　　　２２１,5282,中本 大樹,2026-04-03,2026-04-07,21,芦屋,一般,２　５３１５６　１５,2026-03-16,2026-03-21,01,桐生,一般,２２３　３３４　４１[２],2026-03-06,2026-03-09,23,からつ,一般,３６５　５　２３,2026-02-17,2026-02-22,13,尼崎,一般,４３１　４４５　３２１２,2026-02-01,2026-02-04,03,江戸川,一般,１４６６６　６６,5216,長谷川 晴哉,2026-04-09,2026-04-14,06,浜名湖,一般,２　４５３　３６２　３１,2026-03-25,2026-03-30,04,平和島,一般,３３３２５　１３転４３４,2026-03-16,2026-03-21,01,桐生,一般,１２１１４　１３３１[１],2026-03-06,2026-03-12,01,桐生,一般,１３６　　　１３１６２５２３,2026-02-17,2026-02-22,13,尼崎,一般,３　２３６３３６６４１,5161,登玉 隼百,2026-04-03,2026-04-08,04,平和島,一般,２２１　２５２　１１[２],2026-03-18,2026-03-23,08,常滑,一般,４６４　２５４　６　２１,2026-03-07,2026-03-10,03,江戸川,一般,エ　６６２６６,2026-02-23,2026-02-27,16,児島,一般,３　５１１６５４４６,2026-01-17,2026-01-22,02,戸田,一般,３　１６１１１５１１[６]
202604222410,2026-04-22,24,10R,5034,若林 義人,2026-04-02,2026-04-07,09,津,ＧⅠ,２　１３３　４　２　[６],2026-03-16,2026-03-21,01,桐生,一般,２６１１１　１１６２[６],2026-03-07,2026-03-12,02,戸田,一般,１５１１３　１２６２[４],2026-02-26,2026-03-03,24,大村,一般,３１１　３　６１３１[６],2026-02-17,2026-02-22,13,尼崎,一般,５５１１３　１４２１[２],5196,鰐部 太空海,2026-04-09,2026-04-14,06,浜名湖,一般,１１３６３２１４２６１４,2026-03-25,2026-03-30,04,平和島,一般,１５２１６２４　４４１５,2026-03-16,2026-03-21,01,桐生,一般,１　１４５４１１１１[５],2026-03-07,2026-03-10,03,江戸川,一般,４　３１６　２３,2026-02-26,2026-03-03,24,大村,一般,３６３　３１２２２２[２],5221,竹間 隆晟,2026-04-03,2026-04-08,12,住之江,ＧⅠ,６　１　３５４３１４４５,2026-03-25,2026-03-30,04,平和島,一般,３６１３４　２１１２[３],2026-03-16,2026-03-21,01,桐生,一般,２４１　２３１５３３２３,2026-03-07,2026-03-12,02,戸田,一般,１６２３４１３　２２[１],2026-02-17,2026-02-22,13,尼崎,一般,転４２　１２２１１２[４],5220,青木 蓮,2026-04-09,2026-04-14,06,浜名湖,一般,Ｆ６３　４　３　４　３,2026-03-28,2026-04-02,02,戸田,一般,１１２　５３３４２５１１,2026-03-16,2026-03-21,01,桐生,一般,２　１２３２６１２１３１,2026-03-07,2026-03-12,02,戸田,一般,１３１　１１３１１１[６],2026-02-26,2026-03-03,24,大村,一般,２５３１１　５　１４１３,5316,村松 将平,2026-04-09,2026-04-14,06,浜名湖,一般,１３２　３２１６２５６５,2026-03-26,2026-03-31,17,宮島,一般,２２２　２３２１４１[３],2026-03-09,2026-03-14,04,平和島,一般,３　４３１６３２１５５Ｆ,2026-02-22,2026-02-28,12,住之江,一般,６４２　３６６　２　３３４,2026-02-14,2026-02-18,08,常滑,一般,　　　　　　　　５３,5208,屋良 龍紀,2026-04-04,2026-04-09,16,児島,一般,４　１５５　６５６　２６,2026-03-25,2026-03-30,04,平和島,一般,１　４５５６１　３２４,2026-03-07,2026-03-12,02,戸田,一般,６５６　６１４　６　３,2026-02-21,2026-02-26,21,芦屋,一般,５　３２２　４６４４４５,2026-02-10,2026-02-14,15,丸亀,一般,６　６６５　１　５
202604222411,2026-04-22,24,11R,5191,飛田 江己,2026-04-09,2026-04-14,06,浜名湖,一般,３２１３５３３１３２[３],2026-03-30,2026-04-05,18,徳山,一般,１６２　２２５１２２[４],2026-03-19,2026-03-24,02,戸田,一般,３５３１１　４１３６１６,2026-03-08,2026-03-13,24,大村,ＧⅠ,２　１６５　５　２３２,2026-02-18,2026-02-24,03,江戸川,ＧⅠ,不　５５６　６１欠,5081,篠原 飛翔,2026-03-28,2026-04-02,23,からつ,一般,５　３４３５１Ｆ６　４,2026-03-15,2026-03-20,03,江戸川,一般,５　２６４　２２１　１５,2026-03-01,2026-03-07,20,若松,一般,２２　　３　２２５１１３３１,2026-02-17,2026-02-22,19,下関,一般,３３１　３　５３１６２２,2026-02-04,2026-02-09,18,徳山,一般,３２１２１３１　４４２５,5145,島川 海輝,2026-04-09,2026-04-14,06,浜名湖,一般,２　４４１６３　２４１５,2026-03-28,2026-04-02,02,戸田,一般,２　５１４２４６５　１６,2026-03-17,2026-03-22,23,からつ,ＧⅡ,６　１　１５２４４　１４,2026-03-02,2026-03-05,15,丸亀,一般,５　４２５２５６,2026-02-19,2026-02-23,24,大村,一般,６　５５,5246,楠 将太郎,2026-04-03,2026-04-07,21,芦屋,一般,６Ｆ３　３　６　５,2026-03-23,2026-03-27,12,住之江,一般,６　２４１１２５４４,2026-03-07,2026-03-12,02,戸田,一般,１　１２２　２４５６１５,2026-02-25,2026-03-01,02,戸田,一般,５　６２３４６　１,2026-02-17,2026-02-22,13,尼崎,一般,２６４　２３５５落　２４,5252,荒木 颯斗,2026-04-03,2026-04-07,17,宮島,一般,６　５５２　５１１１,2026-03-16,2026-03-21,01,桐生,一般,２４５　３４２６１　３２,2026-03-07,2026-03-12,02,戸田,一般,３３３　２２２５３５３１,2026-02-19,2026-02-23,24,大村,一般,２６６　３６２　１６,2026-02-10,2026-02-14,15,丸亀,一般,３３２１３　４３２３,5377,鳥居塚 嶺王,2026-04-09,2026-04-14,06,浜名湖,一般,４　２６５　６５５　４,2026-03-16,2026-03-21,01,桐生,一般,５３３　３　５４１　３１,2026-03-07,2026-03-12,02,戸田,一般,５　６　３４６２６　６６,2026-02-17,2026-02-22,13,尼崎,一般,２６４　４４６　４６５６,2026-02-04,2026-02-07,04,平和島,一般,５５３　６６３３
202604222412,2026-04-22,24,12R,5369,岡崎 凪汰,2026-04-09,2026-04-15,15,丸亀,一般,６　５Ｆ６　６　６　５　６,2026-03-25,2026-03-30,04,平和島,一般,５　６６２　転５６　５６,2026-03-12,2026-03-15,14,鳴門,一般,５５１　２４６４,2026-02-26,2026-03-03,24,大村,一般,３２５　６３４　４３５,2026-01-29,2026-02-03,16,児島,一般,５　２２５　６４６　１５,5247,大森 翼,2026-03-29,2026-04-03,06,浜名湖,一般,２６５　３　３　３４５１,2026-03-15,2026-03-20,03,江戸川,一般,５６２　１１４　４１５６,2026-02-17,2026-02-22,13,尼崎,一般,１　落２１　５２５４４２,2026-02-04,2026-02-07,04,平和島,一般,２６６　５５４４,2026-01-21,2026-01-26,16,児島,一般,３　６３４　４６３６３,5345,牧村 俊輝,2026-04-09,2026-04-14,06,浜名湖,一般,５３３　１６５　４　６５,2026-03-25,2026-03-30,04,平和島,一般,４３５　６４１　５４６,2026-03-16,2026-03-21,01,桐生,一般,５　５４５　５５６　５４,2026-02-26,2026-03-03,24,大村,一般,６６６　４２５４６　４,2026-02-14,2026-02-18,08,常滑,一般,　　　　　　　　５５,5374,木山 大聖,2026-04-09,2026-04-14,06,浜名湖,一般,６　５４５　３３５　４６,2026-03-16,2026-03-21,01,桐生,一般,４　２Ｆ４　６　５　６,2026-02-28,2026-03-05,22,福岡,一般,５３５　５５４　５５３,2026-02-10,2026-02-14,19,下関,一般,６　４４５　６５４,2026-01-20,2026-01-25,17,宮島,一般,６　４６５　６６４　６５,5211,高井 駿弥,2026-03-25,2026-03-30,04,平和島,一般,６　３４２４２　３３２,2026-03-07,2026-03-12,02,戸田,一般,３　６５５　１６４　３６,2026-02-23,2026-02-28,23,からつ,一般,５６４　５　３２２　４２,2026-02-08,2026-02-12,03,江戸川,一般,１　６６４　４６４５,2026-01-24,2026-01-27,06,浜名湖,一般,３４５　５２５３,5267,石本 裕武,2026-04-03,2026-04-08,12,住之江,ＧⅠ,４　６３１　６１１２１２,2026-03-25,2026-03-30,04,平和島,一般,４１１　３１１１４５１１,2026-03-14,2026-03-19,13,尼崎,ＧⅠ,３　５　１１６２６　６６,2026-03-04,2026-03-09,12,住之江,一般,１５１　１２１６２妨６,2026-02-25,2026-02-28,13,尼崎,一般,３２３１１１[１]
